500
6.74675 4.87487
0.640641 4.44444
1.32132 6.5966
8.24825 8.33834
9.30931 0.32032
4.85485 7.65766
6.52653 7.81782
4.11411 3.86386
5.81582 4.84484
1.39139 8.33834
6.90691 6.97698
7.31732 4.91491
0.29029 8.91892
9.8999 8.34835
0.670671 2.89289
5.16517 8.8989
0.18018 1.35135
2.85285 5.13514
9.44945 8.81882
1.23123 6.93694
6.48649 2.79279
2.05205 9.04905
9.34935 2.41241
8.11812 4.86486
6.37638 9.33934
6.15616 8.65866
7.50751 6.23624
8.0981 1.17117
6.04605 4.88488
1.34134 5.33534
1.18118 9.54955
3.93393 4.55455
7.56757 6.74675
6.18619 0.530531
5.42543 8.3984
2.31231 1.5015
4.34434 8.27828
0.48048 9.97998
4.12412 3.36336
1.91191 1.84184
6.10611 5.64565
8.80881 5.07508
1.92192 5.92593
7.17718 6.78679
4.02402 9.41942
7.4975 3.81381
7.93794 3.68368
4.54454 1.02102
6.00601 6.96697
0.16016 1.68168
1.11111 4.05405
8.84885 9.54955
2.23223 7.55756
7.33734 4.5045
3.59359 7.44745
1.5015 2.47247
3.9039 3.7037
0.04004 8.97898
5.70571 1.4014
5.02503 1.51151
2.24224 6.51652
5.22523 4.33433
3.49349 4.2042
9.93994 5.12513
8.45846 6.64665
7.42743 2.58258
5.71572 0.1001
5.15516 5.3954
6.08609 7.84785
2.21221 9.68969
7.82783 5.61562
1.44144 8.93894
9.83984 2.87287
6.78679 4.66466
1.7017 8.28829
4.44444 7.2973
9.1992 1.93193
4.54454 8.11812
5.46547 2.53253
7.00701 9.72973
4.45445 2.19219
3.72372 0.920921
5.77578 8.7988
9.47948 0.870871
9.97998 5.78579
0.860861 8.55856
9.63964 9.80981
0.940941 3.21321
7.50751 6.58659
3.63363 7.82783
0.17017 0.0800801
4.48448 0.500501
2.2022 2.48248
3.91391 7.70771
6.48649 3.4034
9.58959 5.21522
9.34935 1.04104
4.91491 2.68268
2.9029 7.24725
9.32933 2.32232
2.22222 1.36136
3.78378 7.84785
6.12613 2.16216
6.15616 4.11411
1.71171 6.997
3.01301 2.44244
6.3964 5.1952
8.81882 9.72973
5.22523 4.39439
4.24424 6.30631
1.19119 1.04104
3.12312 9.53954
2.73273 7.76777
5.30531 4.52452
6.07608 2.79279
4.55455 0.520521
9.30931 4.03403
2.97297 4.89489
2.5025 9.75976
7.15716 7.94795
6.14615 0.35035
5.7958 3.18318
8.35836 9.94995
2.71271 3.34334
0.32032 2.63263
0.22022 0.0700701
2.31231 2.98298
5.37538 9.71972
4.69469 7.94795
2.33233 6.74675
9.26927 3.07307
1.23123 8.45846
6.5966 9.62963
5.13514 7.72773
5.97598 7.50751
0.980981 5.52553
7.998 9.30931
8.30831 2.99299
0.710711 6.24625
6.10611 6.55656
6.13614 6.24625
1.31131 4.21421
6.87688 1.61161
2.65265 7.27728
1.88188 3.59359
5.85586 0.32032
6.15616 1.26126
0.0800801 8.90891
0.630631 0.38038
5.48549 0.31031
1.09109 2.95295
1.65165 4.44444
5.65566 2.87287
4.61461 8.52853
6.17618 7.86787
0.510511 6.73674
9.46947 0.650651
3.1031 6.88689
4.64464 4.94494
1.28128 8.93894
4.44444 6.15616
9.53954 2.2022
5.48549 5.45546
3.42342 3.79379
6.87688 7.26727
2.34234 2.68268
5.14515 6.90691
7.07708 2.15215
8.74875 9.55956
7.28729 9.35936
4.82482 7.1972
1.38138 3.39339
1.35135 5.3954
6.64665 4.56456
2.74274 5.85586
3.83383 2.85285
1.42142 5.77578
7.13714 0
3.31331 6.27628
5.18519 0.23023
8.91892 8.35836
4.09409 3.14314
0.43043 9.67968
7.4975 5.91592
0.36036 8.85886
4.31431 6.45646
6.42643 1.52152
4.13413 8.21822
8.68869 4.05405
0.710711 2.05205
5.65566 2.81281
7.4975 2.4024
7.70771 9.01902
3.22322 4.99499
6.14615 5.33534
9.27928 2.16216
6.91692 5.0951
5.31532 8.32833
3.61361 7.17718
9.38939 2.13213
2.51251 4.38438
3.79379 6.06607
8.08809 0.690691
2.78278 5.03504
7.20721 1.28128
7.25726 5.52553
2.89289 3.83383
1.07107 7.72773
4.72472 6.53654
2.43243 1.41141
7.07708 6.06607
8.18819 0.29029
4.54454 8.35836
0.630631 3.2032
1.72172 5.56557
3.86386 4.73473
8.41842 3.82382
7.63764 5.7958
7.34735 2.45245
9.00901 4.49449
8.53854 1.15115
8.98899 4.07407
1.33133 3.22322
0.31031 1.14114
7.44745 5.34535
3.24324 7.17718
9.63964 5.1952
6.70671 8.22823
4.37437 7.74775
5.50551 1.05105
9.16917 1.25125
1.33133 4.44444
7.0971 8.92893
2.47247 3.86386
3.7037 7.13714
7.68769 4.75475
0.810811 4.15415
4.04404 7.47748
5.22523 9.47948
7.95796 9.46947
4.33433 6.5966
8.86887 8.53854
4.69469 9.67968
3.55355 1.001
4.8048 6.93694
3.11311 3.47347
7.6977 3.2032
3.8038 9.48949
6.46647 4.8048
8.80881 9.16917
4.05405 8.32833
9.04905 3.09309
5.73574 7.16717
6.05606 9.17918
3.84384 9.6997
5.27528 9.33934
5.08509 3.14314
0.950951 2.36236
0.510511 9.03904
6.73674 3.49349
5.43544 6.01602
7.46747 5.74575
6.42643 8.28829
0.22022 7.22723
3.33333 9.08909
1.81181 4.26426
5.67568 9.15916
9.58959 9.67968
8.4985 1.13113
1.73173 8.60861
3.83383 2.85285
1.22122 1.85185
8.25826 1.23123
4.34434 9.22923
0.35035 3.03303
6.57658 5.06507
0.1001 9.13914
5.67568 3.78378
1.84184 3.62362
6.51652 4.87487
0.34034 5.01502
8.22823 7.71772
7.84785 8.33834
7.38739 8.42843
3.16316 5.74575
3.22322 5.83584
9.1992 6.54655
0.990991 0.32032
8.24825 8.87888
1.56156 0.32032
7.18719 9.34935
9.62963 2.59259
3.13313 4.54454
2.63263 1.83183
0.830831 8.8989
4.84484 9.46947
9.01902 5.34535
1.8018 3.34334
7.1972 4.83483
2.83283 0.760761
7.36737 0.13013
3.5035 1.6016
6.63664 5.58559
6.77678 0.17017
3.69369 3.5035
5.996 5.16517
6.68669 0.530531
9.40941 9.77978
5.3954 9.1992
1.69169 4.78478
4.59459 1.7017
7.36737 7.14715
4.37437 1.48148
2.46246 6.37638
0.780781 7.85786
7.93794 0.3003
7.55756 6.75676
3.29329 7.98799
4.89489 7.30731
7.65766 3.63363
1.39139 8.23824
6.42643 6.95696
4.21421 7.07708
6.40641 7.06707
3.61361 1.81181
0.940941 6.53654
4.72472 2.2022
0.15015 1.61161
2.68268 1.3013
3.24324 0.31031
9.95996 9.14915
6.28629 2.81281
6.06607 5.23524
4.09409 0
7.71772 0.04004
4.37437 8.16817
1.67167 3.31331
7.0971 4.17417
0.16016 5.05506
2.69269 7.84785
1.07107 2.16216
7.64765 8.61862
7.13714 8.48849
0.900901 1.02102
1.36136 2.06206
9.5996 9.32933
4.15415 8.38839
8.45846 3.15315
1.77177 3.87387
2.88288 8.72873
1.58158 3.96396
9.25926 2.63263
6.78679 7.6977
3.05305 4.35435
2.31231 0.0600601
9.63964 9.21922
6.8969 7.11712
6.13614 1.59159
5.84585 1.18118
1.91191 0.32032
6.74675 2.08208
0.770771 5.87588
7.14715 7.82783
1.95195 1.42142
9.40941 7.3974
2.05205 3.49349
4.97497 0.17017
6.91692 3.44344
9.41942 6.74675
7.0971 0.27027
3.44344 0.990991
3.23323 1.19119
6.74675 4.59459
6.8969 3.61361
6.83684 8.85886
4.81481 7.37738
0.980981 9.13914
6.17618 6.14615
5.3954 7.62763
8.22823 4.49449
2.54254 6.92693
7.13714 7.35736
9.10911 4.68468
5.93594 1.47147
8.87888 7.57758
5.13514 6.11612
3.72372 9.28929
5.72573 2.89289
2.16216 6.5966
0.46046 1.89189
8.83884 2.61261
2.77277 3.76376
5.11512 6.65666
5.92593 6.92693
2.76276 8.17818
5.66567 1.39139
6.00601 3.02302
6.75676 8.62863
2.51251 3.73373
1.82182 7.44745
0.27027 6.03604
1.58158 8.97898
0.670671 6.60661
1.66166 5.58559
8.17818 9.20921
5.90591 4.25425
0.24024 3.84384
5.97598 8.61862
1.39139 0.550551
0.28028 3.34334
8.11812 4.76476
7.32733 3.34334
0.43043 7.28729
4.99499 9.30931
3.45345 1.47147
1.71171 1.19119
5.28529 2.03203
5.55556 1.99199
9.16917 4.88488
9.54955 2.72272
1.74174 4.89489
7.6977 6.87688
4.49449 1.79179
6.16617 3.2032
7.88789 2.44244
7.96797 4.18418
0.01001 5.95596
2.48248 3.69369
3.003 5.38539
9.05906 7.3974
0.560561 4.62462
9.66967 0.0800801
1.43143 7.27728
7.68769 6.5966
6.81682 6.27628
2.47247 7.58759
2.63263 2.55255
8.05806 6.53654
2.4024 8.33834
9.75976 0.980981
1.55155 3.36336
0.800801 3.53353
2.06206 5.17518
7.36737 2.6026
4.46446 7.10711
9.26927 3.86386
4.48448 7.83784
9.05906 3.63363
5.12513 9.08909
5.66567 7.91792
3.2032 5.50551
7.4975 0.24024
7.16717 5.14515
7.72773 3.73373
2.11211 5.52553
7.04705 4.49449
5.92593 0.730731
0.730731 6.83684
0.570571 6.10611
0.540541 7.75776
6.72673 6.25626
3.69369 1.01101
0.890891 0.620621
0.2002 0.48048
6.27628 5.00501
1.001 6.34635
6.02603 2.88288
8.60861 2.94294
2.84284 2.01201
5.17518 7.26727
6.83684 3.36336
3.01301 1.5015
4.98498 8.42843
8.14815 7.85786
6.20621 2.67267
1.45145 3.62362
5.21522 7.74775
8.90891 4.13413
8.18819 0.42042
9.66967 4.48448
5.996 2.87287
5.30531 3.64364
1.91191 1.3013
6.77678 7.76777
6.08609 1.97197
4.33433 6.56657
4.8048 6.74675
6.54655 8.8989
9.31932 4.33433
8.88889 0.970971
7.65766 6.72673
9.54955 2.21221
4.26426 3.55355
1.54154 4.51451
1.4014 0.28028
6.31632 6.25626
4.3043 5.32533
0.960961 4.53453
3.27327 6.1962
2.23223 5.90591
982
1.39139 8.33834 1.23123 8.45846 1.39139 8.23824
4.13413 8.21822 4.05405 8.32833 3.78378 7.84785
0.810811 4.15415 1.11111 4.05405 0.960961 4.53453
2.33233 6.74675 2.24224 6.51652 2.46246 6.37638
9.47948 0.870871 9.75976 0.980981 9.34935 1.04104
7.13714 8.48849 6.75676 8.62863 6.70671 8.22823
0.670671 6.60661 0.940941 6.53654 0.730731 6.83684
7.82783 5.61562 7.44745 5.34535 8.11812 4.86486
8.05806 6.53654 8.45846 6.64665 7.6977 6.87688
5.22523 4.33433 5.30531 4.52452 5.22523 4.39439
1.22122 1.85185 1.36136 2.06206 1.07107 2.16216
8.22823 7.71772 8.91892 8.35836 8.24825 8.33834
0.1001 9.13914 0.29029 8.91892 0.510511 9.03904
5.996 5.16517 5.81582 4.84484 6.04605 4.88488
6.17618 7.86787 5.97598 7.50751 6.52653 7.81782
3.42342 3.79379 2.89289 3.83383 3.11311 3.47347
5.30531 4.52452 5.22523 4.33433 5.90591 4.25425
6.46647 4.8048 6.51652 4.87487 6.27628 5.00501
3.79379 6.06607 4.44444 6.15616 4.24424 6.30631
2.16216 6.5966 1.92192 5.92593 2.24224 6.51652
5.97598 8.61862 6.08609 7.84785 6.42643 8.28829
6.27628 5.00501 6.51652 4.87487 6.57658 5.06507
7.17718 6.78679 7.50751 6.58659 7.55756 6.75676
7.0971 4.17417 7.04705 4.49449 6.74675 4.59459
9.32933 2.32232 9.53954 2.2022 9.54955 2.21221
4.98498 8.42843 4.61461 8.52853 4.54454 8.35836
0.900901 1.02102 0.46046 1.89189 0.31031 1.14114
9.16917 4.88488 8.80881 5.07508 9.10911 4.68468
9.44945 8.81882 9.8999 8.34835 9.95996 9.14915
1.42142 5.77578 1.001 6.34635 0.770771 5.87588
5.71572 0.1001 6.77678 0.17017 6.14615 0.35035
8.35836 9.94995 8.17818 9.20921 8.74875 9.55956
2.05205 9.04905 2.21221 9.68969 1.58158 8.97898
0.630631 3.2032 0.670671 2.89289 0.940941 3.21321
5.92593 0.730731 6.15616 1.26126 5.84585 1.18118
1.35135 5.3954 0.980981 5.52553 1.34134 5.33534
3.13313 4.54454 3.22322 4.99499 2.97297 4.89489
9.95996 9.14915 9.63964 9.80981 9.58959 9.67968
2.4024 8.33834 1.7017 8.28829 2.23223 7.55756
1.23123 8.45846 1.39139 8.33834 1.73173 8.60861
1.28128 8.93894 0.830831 8.8989 0.860861 8.55856
3.49349 4.2042 3.9039 3.7037 4.11411 3.86386
8.45846 3.15315 8.30831 2.99299 8.60861 2.94294
5.77578 8.7988 5.16517 8.8989 5.42543 8.3984
0.860861 8.55856 1.23123 8.45846 1.28128 8.93894
7.84785 8.33834 7.15716 7.94795 8.14815 7.85786
7.68769 4.75475 8.11812 4.86486 7.44745 5.34535
7.4975 3.81381 7.72773 3.73373 7.96797 4.18418
8.45846 6.64665 9.1992 6.54655 9.05906 7.3974
8.81882 9.72973 8.74875 9.55956 8.84885 9.54955
4.15415 8.38839 4.34434 9.22923 3.72372 9.28929
5.66567 7.91792 5.42543 8.3984 5.31532 8.32833
6.78679 7.6977 6.77678 7.76777 6.52653 7.81782
6.17618 6.14615 6.13614 6.24625 5.43544 6.01602
6.90691 6.97698 6.42643 6.95696 6.72673 6.25626
7.34735 2.45245 7.36737 2.6026 6.48649 2.79279
7.4975 2.4024 7.34735 2.45245 7.07708 2.15215
6.00601 3.02302 5.7958 3.18318 5.72573 2.89289
6.91692 5.0951 7.25726 5.52553 6.63664 5.58559
1.31131 4.21421 1.33133 4.44444 0.960961 4.53453
2.16216 6.5966 1.71171 6.997 1.32132 6.5966
2.69269 7.84785 3.29329 7.98799 2.76276 8.17818
0.36036 8.85886 0.510511 9.03904 0.29029 8.91892
4.64464 4.94494 4.11411 3.86386 5.22523 4.33433
5.43544 6.01602 6.10611 5.64565 6.17618 6.14615
8.14815 7.85786 7.14715 7.82783 7.36737 7.14715
7.17718 6.78679 6.81682 6.27628 7.07708 6.06607
0.31031 1.14114 0.46046 1.89189 0.18018 1.35135
6.18619 0.530531 5.85586 0.32032 6.14615 0.35035
5.66567 7.91792 5.97598 8.61862 5.42543 8.3984
4.69469 7.94795 5.13514 7.72773 4.98498 8.42843
3.05305 4.35435 2.51251 4.38438 2.89289 3.83383
3.5035 1.6016 3.45345 1.47147 3.69369 1.01101
4.69469 7.94795 4.98498 8.42843 4.54454 8.11812
2.23223 7.55756 1.82182 7.44745 1.71171 6.997
1.58158 8.97898 2.21221 9.68969 1.18118 9.54955
0.04004 8.97898 0.29029 8.91892 0.1001 9.13914
6.07608 2.79279 5.46547 2.53253 6.12613 2.16216
5.93594 1.47147 5.84585 1.18118 6.15616 1.26126
1.22122 1.85185 0.46046 1.89189 0.900901 1.02102
2.84284 2.01201 2.63263 2.55255 2.63263 1.83183
6.00601 6.96697 6.42643 6.95696 6.40641 7.06707
5.11512 6.65666 5.13514 6.11612 5.43544 6.01602
8.22823 4.49449 7.96797 4.18418 8.41842 3.82382
7.6977 3.2032 8.30831 2.99299 7.93794 3.68368
1.35135 5.3954 1.42142 5.77578 0.980981 5.52553
1.33133 4.44444 1.69169 4.78478 1.34134 5.33534
7.50751 6.58659 7.17718 6.78679 7.07708 6.06607
7.36737 7.14715 7.55756 6.75676 7.6977 6.87688
5.3954 9.1992 5.37538 9.71972 5.27528 9.33934
6.15616 8.65866 6.42643 8.28829 6.75676 8.62863
8.83884 2.61261 8.30831 2.99299 7.88789 2.44244
8.11812 4.76476 8.80881 5.07508 8.11812 4.86486
7.6977 3.2032 7.32733 3.34334 7.36737 2.6026
9.66967 4.48448 9.26927 3.86386 9.83984 2.87287
3.61361 1.81181 2.84284 2.01201 3.5035 1.6016
1.91191 1.84184 1.95195 1.42142 2.31231 1.5015
4.82482 7.1972 4.89489 7.30731 4.81481 7.37738
6.00601 6.96697 5.73574 7.16717 5.92593 6.92693
0.15015 1.61161 0.18018 1.35135 0.46046 1.89189
0.17017 0.0800801 0.2002 0.48048 0.15015 1.61161
0.800801 3.53353 1.11111 4.05405 0.810811 4.15415
3.13313 4.54454 3.05305 4.35435 3.49349 4.2042
9.58959 9.67968 9.40941 9.77978 9.5996 9.32933
2.5025 9.75976 2.21221 9.68969 2.05205 9.04905
2.16216 6.5966 1.32132 6.5966 1.92192 5.92593
3.29329 7.98799 2.9029 7.24725 3.24324 7.17718
6.78679 4.66466 7.1972 4.83483 6.74675 4.87487
7.1972 4.83483 7.31732 4.91491 7.16717 5.14515
4.3043 5.32533 4.44444 6.15616 3.79379 6.06607
3.63363 7.82783 3.59359 7.44745 3.91391 7.70771
0.960961 4.53453 1.11111 4.05405 1.31131 4.21421
0.32032 2.63263 0.710711 2.05205 0.950951 2.36236
4.26426 3.55355 3.9039 3.7037 4.12412 3.36336
4.11411 3.86386 3.93393 4.55455 3.49349 4.2042
0.15015 1.61161 0.01001 5.95596 0.17017 0.0800801
5.50551 1.05105 4.55455 0.520521 5.18519 0.23023
6.74675 2.08208 6.48649 2.79279 6.20621 2.67267
4.91491 2.68268 4.72472 2.2022 5.28529 2.03203
4.55455 0.520521 5.50551 1.05105 4.54454 1.02102
2.11211 5.52553 1.72172 5.56557 2.06206 5.17518
2.23223 7.55756 2.33233 6.74675 2.54254 6.92693
5.30531 3.64364 4.26426 3.55355 5.08509 3.14314
4.26426 3.55355 4.09409 3.14314 5.08509 3.14314
3.93393 4.55455 3.86386 4.73473 3.49349 4.2042
1.84184 3.62362 1.67167 3.31331 1.8018 3.34334
9.16917 4.88488 9.63964 5.1952 9.58959 5.21522
8.45846 6.64665 7.82783 5.61562 9.01902 5.34535
7.65766 6.72673 7.56757 6.74675 7.50751 6.58659
9.58959 5.21522 9.63964 5.1952 9.97998 5.78579
6.8969 3.61361 7.32733 3.34334 7.4975 3.81381
6.74675 2.08208 7.07708 2.15215 6.48649 2.79279
5.48549 0.31031 5.18519 0.23023 5.71572 0.1001
7.20721 1.28128 8.0981 1.17117 7.4975 2.4024
3.61361 7.17718 3.59359 7.44745 3.24324 7.17718
5.22523 4.33433 5.22523 4.39439 4.64464 4.94494
6.08609 7.84785 6.17618 7.86787 6.42643 8.28829
5.31532 8.32833 4.98498 8.42843 5.13514 7.72773
7.18719 9.34935 6.5966 9.62963 6.83684 8.85886
0.48048 9.97998 1.18118 9.54955 2.21221 9.68969
8.11812 4.86486 8.80881 5.07508 7.82783 5.61562
7.82783 5.61562 8.80881 5.07508 9.01902 5.34535
0.510511 9.03904 0.830831 8.8989 0.980981 9.13914
1.73173 8.60861 1.39139 8.33834 1.7017 8.28829
9.38939 2.13213 9.53954 2.2022 9.32933 2.32232
9.83984 2.87287 9.75976 0.980981 9.97998 5.78579
6.04605 4.88488 5.90591 4.25425 6.46647 4.8048
6.78679 4.66466 6.74675 4.59459 7.04705 4.49449
2.47247 7.58759 2.69269 7.84785 2.4024 8.33834
1.73173 8.60861 1.44144 8.93894 1.23123 8.45846
4.82482 7.1972 4.8048 6.93694 5.14515 6.90691
4.48448 7.83784 4.85485 7.65766 4.69469 7.94795
9.1992 1.93193 9.27928 2.16216 8.83884 2.61261
8.88889 0.970971 9.46947 0.650651 9.34935 1.04104
3.78378 7.84785 3.63363 7.82783 3.91391 7.70771
5.13514 7.72773 4.69469 7.94795 4.85485 7.65766
5.46547 2.53253 5.65566 2.87287 5.08509 3.14314
5.28529 2.03203 5.46547 2.53253 4.91491 2.68268
9.5996 9.32933 9.40941 9.77978 8.84885 9.54955
8.14815 7.85786 7.15716 7.94795 7.14715 7.82783
3.42342 3.79379 3.11311 3.47347 3.69369 3.5035
4.37437 1.48148 4.49449 1.79179 3.61361 1.81181
1.95195 1.42142 2.22222 1.36136 2.31231 1.5015
4.54454 1.02102 3.72372 0.920921 4.48448 0.500501
6.05606 9.17918 6.15616 8.65866 6.54655 8.8989
5.77578 8.7988 6.15616 8.65866 6.05606 9.17918
9.46947 0.650651 9.47948 0.870871 9.34935 1.04104
9.46947 0.650651 9.66967 0.0800801 9.75976 0.980981
9.83984 2.87287 9.97998 5.78579 9.93994 5.12513
0.0800801 8.90891 0.29029 8.91892 0.04004 8.97898
1.43143 7.27728 1.71171 6.997 1.82182 7.44745
2.5025 9.75976 5.37538 9.71972 0.48048 9.97998
0.670671 2.89289 0.32032 2.63263 0.950951 2.36236
2.31231 2.98298 2.2022 2.48248 2.34234 2.68268
8.05806 6.53654 7.6977 6.87688 7.65766 6.72673
7.55756 6.75676 7.50751 6.58659 7.56757 6.74675
3.7037 7.13714 3.59359 7.44745 3.61361 7.17718
4.05405 8.32833 3.63363 7.82783 3.78378 7.84785
1.91191 0.32032 2.22222 1.36136 1.91191 1.3013
2.68268 1.3013 2.83283 0.760761 3.23323 1.19119
6.18619 0.530531 5.92593 0.730731 5.85586 0.32032
1.5015 2.47247 1.91191 1.84184 2.2022 2.48248
1.91191 1.84184 2.31231 1.5015 2.63263 1.83183
4.37437 7.74775 4.85485 7.65766 4.48448 7.83784
4.37437 7.74775 4.37437 8.16817 4.13413 8.21822
6.51652 4.87487 6.78679 4.66466 6.74675 4.87487
5.67568 3.78378 5.7958 3.18318 6.16617 3.2032
9.97998 5.78579 9.1992 6.54655 9.01902 5.34535
8.80881 5.07508 8.22823 4.49449 9.00901 4.49449
8.83884 2.61261 7.88789 2.44244 9.1992 1.93193
9.30931 0.32032 8.88889 0.970971 8.18819 0.42042
4.12412 3.36336 3.9039 3.7037 3.69369 3.5035
4.72472 2.2022 5.02503 1.51151 5.28529 2.03203
4.33433 6.5966 3.79379 6.06607 4.24424 6.30631
3.59359 7.44745 3.63363 7.82783 3.29329 7.98799
9.34935 2.41241 9.25926 2.63263 9.32933 2.32232
9.75976 0.980981 9.1992 1.93193 9.16917 1.25125
1.19119 1.04104 0.890891 0.620621 1.39139 0.550551
2.63263 1.83183 2.43243 1.41141 2.68268 1.3013
3.91391 7.70771 4.37437 7.74775 4.13413 8.21822
3.78378 7.84785 3.91391 7.70771 4.13413 8.21822
6.48649 2.79279 6.28629 2.81281 6.20621 2.67267
5.55556 1.99199 5.46547 2.53253 5.28529 2.03203
6.73674 3.49349 6.8969 3.61361 6.15616 4.11411
5.81582 4.84484 5.90591 4.25425 6.04605 4.88488
1.7017 8.28829 1.39139 8.23824 1.82182 7.44745
1.32132 6.5966 1.71171 6.997 1.23123 6.93694
2.2022 2.48248 1.91191 1.84184 2.63263 1.83183
4.12412 3.36336 3.69369 3.5035 4.09409 3.14314
7.1972 4.83483 6.91692 5.0951 6.74675 4.87487
6.06607 5.23524 6.3964 5.1952 6.14615 5.33534
8.81882 9.72973 9.40941 9.77978 8.35836 9.94995
8.81882 9.72973 8.35836 9.94995 8.74875 9.55956
5.30531 4.52452 4.64464 4.94494 5.22523 4.39439
5.67568 3.78378 5.90591 4.25425 5.22523 4.33433
5.15516 5.3954 5.48549 5.45546 5.43544 6.01602
3.59359 7.44745 4.04404 7.47748 3.91391 7.70771
0.630631 0.38038 0.2002 0.48048 0.22022 0.0700701
0.2002 0.48048 0.630631 0.38038 0.31031 1.14114
4.34434 9.22923 4.84484 9.46947 4.69469 9.67968
2.88288 8.72873 2.5025 9.75976 2.05205 9.04905
2.47247 7.58759 2.23223 7.55756 2.65265 7.27728
2.73273 7.76777 2.9029 7.24725 3.29329 7.98799
5.81582 4.84484 5.15516 5.3954 5.30531 4.52452
4.44444 6.15616 4.3043 5.32533 5.15516 5.3954
6.48649 3.4034 6.16617 3.2032 6.48649 2.79279
6.48649 3.4034 6.15616 4.11411 5.67568 3.78378
4.54454 1.02102 4.48448 0.500501 4.55455 0.520521
5.48549 0.31031 5.50551 1.05105 5.18519 0.23023
9.30931 4.03403 9.26927 3.86386 9.66967 4.48448
9.16917 4.88488 9.01902 5.34535 8.80881 5.07508
1.58158 3.96396 1.31131 4.21421 1.11111 4.05405
2.47247 3.86386 2.77277 3.76376 2.89289 3.83383
5.37538 9.71972 8.35836 9.94995 0.48048 9.97998
0.48048 9.97998 2.21221 9.68969 2.5025 9.75976
7.0971 8.92893 7.70771 9.01902 7.28729 9.35936
6.40641 7.06707 5.97598 7.50751 6.00601 6.96697
6.77678 0.17017 5.71572 0.1001 7.13714 0
7.20721 1.28128 8.08809 0.690691 8.0981 1.17117
5.67568 3.78378 5.30531 3.64364 5.7958 3.18318
5.7958 3.18318 5.08509 3.14314 5.65566 2.87287
2.31231 2.98298 1.8018 3.34334 1.67167 3.31331
2.34234 2.68268 2.63263 2.55255 2.31231 2.98298
0.34034 5.01502 0.27027 6.03604 0.16016 5.05506
0.630631 3.2032 0.28028 3.34334 0.35035 3.03303
4.09409 0 7.13714 0 5.71572 0.1001
2.51251 4.38438 2.47247 3.86386 2.89289 3.83383
1.5015 2.47247 2.2022 2.48248 2.31231 2.98298
8.35836 9.94995 5.37538 9.71972 7.00701 9.72973
3.84384 9.6997 3.12312 9.53954 3.8038 9.48949
4.54454 8.11812 4.98498 8.42843 4.54454 8.35836
4.48448 7.83784 4.37437 8.16817 4.37437 7.74775
1.71171 6.997 2.33233 6.74675 2.23223 7.55756
3.22322 5.83584 3.16316 5.74575 3.2032 5.50551
9.54955 2.72272 9.25926 2.63263 9.34935 2.41241
9.05906 3.63363 8.68869 4.05405 8.41842 3.82382
1.28128 8.93894 1.23123 8.45846 1.44144 8.93894
1.23123 8.45846 0.860861 8.55856 0.780781 7.85786
7.00701 9.72973 5.37538 9.71972 6.5966 9.62963
5.37538 9.71972 6.37638 9.33934 6.5966 9.62963
4.81481 7.37738 4.44444 7.2973 4.82482 7.1972
5.31532 8.32833 5.13514 7.72773 5.21522 7.74775
5.73574 7.16717 5.17518 7.26727 5.14515 6.90691
6.87688 7.26727 6.78679 7.6977 6.40641 7.06707
0.43043 7.28729 0.540541 7.75776 0.22022 7.22723
0.34034 5.01502 0.560561 4.62462 0.980981 5.52553
8.24825 8.87888 8.17818 9.20921 7.70771 9.01902
7.28729 9.35936 7.95796 9.46947 7.00701 9.72973
7.42743 2.58258 7.4975 2.4024 7.88789 2.44244
9.05906 3.63363 8.98899 4.07407 8.68869 4.05405
1.23123 6.93694 0.940941 6.53654 1.32132 6.5966
0.34034 5.01502 0.770771 5.87588 0.27027 6.03604
6.42643 6.95696 6.31632 6.25626 6.72673 6.25626
5.97598 7.50751 6.08609 7.84785 5.66567 7.91792
6.3964 5.1952 6.57658 5.06507 6.63664 5.58559
7.17718 6.78679 6.90691 6.97698 6.81682 6.27628
1.33133 3.22322 0.940941 3.21321 1.09109 2.95295
2.97297 4.89489 2.78278 5.03504 2.51251 4.38438
6.13614 1.59159 6.15616 1.26126 6.42643 1.52152
7.20721 1.28128 6.42643 1.52152 6.68669 0.530531
2.54254 6.92693 2.33233 6.74675 2.46246 6.37638
2.73273 7.76777 2.65265 7.27728 2.9029 7.24725
1.45145 3.62362 1.77177 3.87387 1.58158 3.96396
2.05205 3.49349 1.88188 3.59359 1.8018 3.34334
4.54454 1.02102 5.50551 1.05105 5.02503 1.51151
6.14615 0.35035 5.85586 0.32032 5.71572 0.1001
6.68669 0.530531 6.42643 1.52152 6.15616 1.26126
6.42643 1.52152 6.87688 1.61161 6.74675 2.08208
0.0800801 8.90891 0.04004 8.97898 0.22022 7.22723
0.22022 7.22723 0.510511 6.73674 0.43043 7.28729
0.46046 1.89189 1.22122 1.85185 0.710711 2.05205
3.24324 0.31031 3.72372 0.920921 3.44344 0.990991
4.55455 0.520521 4.48448 0.500501 4.97497 0.17017
5.71572 0.1001 5.85586 0.32032 5.48549 0.31031
1.8018 3.34334 2.31231 2.98298 2.05205 3.49349
0.940941 3.21321 0.670671 2.89289 1.09109 2.95295
1.74174 4.89489 1.34134 5.33534 1.69169 4.78478
1.31131 4.21421 1.65165 4.44444 1.54154 4.51451
5.46547 2.53253 6.07608 2.79279 5.65566 2.81281
6.02603 2.88288 6.07608 2.79279 6.28629 2.81281
5.12513 9.08909 5.16517 8.8989 5.3954 9.1992
4.05405 8.32833 4.13413 8.21822 4.15415 8.38839
5.97598 7.50751 6.17618 7.86787 6.08609 7.84785
6.42643 8.28829 6.52653 7.81782 6.70671 8.22823
0.670671 6.60661 0.730731 6.83684 0.510511 6.73674
0.510511 6.73674 0.570571 6.10611 0.670671 6.60661
9.54955 2.21221 9.83984 2.87287 9.62963 2.59259
9.47948 0.870871 9.46947 0.650651 9.75976 0.980981
3.31331 6.27628 3.79379 6.06607 3.7037 7.13714
2.54254 6.92693 2.9029 7.24725 2.65265 7.27728
3.93393 4.55455 4.11411 3.86386 4.64464 4.94494
5.30531 4.52452 5.15516 5.3954 4.64464 4.94494
1.44144 8.93894 1.18118 9.54955 1.28128 8.93894
0.510511 9.03904 0.43043 9.67968 0.1001 9.13914
5.14515 6.90691 5.92593 6.92693 5.73574 7.16717
3.22322 5.83584 2.74274 5.85586 3.16316 5.74575
9.1992 1.93193 9.75976 0.980981 9.53954 2.2022
9.54955 2.21221 9.34935 2.41241 9.32933 2.32232
5.15516 5.3954 5.81582 4.84484 5.48549 5.45546
5.996 5.16517 6.27628 5.00501 6.06607 5.23524
3.01301 2.44244 3.83383 2.85285 3.11311 3.47347
3.9039 3.7037 3.49349 4.2042 3.42342 3.79379
7.36737 7.14715 6.90691 6.97698 7.17718 6.78679
6.52653 7.81782 6.40641 7.06707 6.78679 7.6977
2.63263 1.83183 2.63263 2.55255 2.2022 2.48248
2.63263 2.55255 2.71271 3.34334 2.31231 2.98298
4.21421 7.07708 4.46446 7.10711 4.44444 7.2973
5.43544 6.01602 6.13614 6.24625 6.10611 6.55656
7.07708 2.15215 6.87688 1.61161 7.20721 1.28128
6.48649 2.79279 7.07708 2.15215 7.34735 2.45245
8.17818 9.20921 8.35836 9.94995 7.95796 9.46947
8.24825 8.87888 8.86887 8.53854 8.80881 9.16917
7.28729 9.35936 7.70771 9.01902 7.95796 9.46947
7.00701 9.72973 6.5966 9.62963 7.18719 9.34935
4.31431 6.45646 4.24424 6.30631 4.44444 6.15616
4.82482 7.1972 5.14515 6.90691 5.17518 7.26727
1.67167 3.31331 1.84184 3.62362 1.55155 3.36336
1.38138 3.39339 1.45145 3.62362 0.800801 3.53353
1.72172 5.56557 1.35135 5.3954 1.34134 5.33534
1.72172 5.56557 1.92192 5.92593 1.66166 5.58559
6.15616 4.11411 6.64665 4.56456 6.46647 4.8048
6.73674 3.49349 6.15616 4.11411 6.48649 3.4034
2.74274 5.85586 3.27327 6.1962 2.46246 6.37638
2.74274 5.85586 2.46246 6.37638 2.23223 5.90591
2.63263 2.55255 2.84284 2.01201 3.01301 2.44244
4.09409 3.14314 4.45445 2.19219 4.91491 2.68268
1.92192 5.92593 1.32132 6.5966 1.42142 5.77578
1.32132 6.5966 0.940941 6.53654 1.001 6.34635
5.18519 0.23023 4.97497 0.17017 5.71572 0.1001
2.54254 6.92693 2.46246 6.37638 3.1031 6.88689
3.003 5.38539 2.85285 5.13514 3.22322 4.99499
3.44344 0.990991 3.72372 0.920921 3.55355 1.001
4.97497 0.17017 4.48448 0.500501 4.09409 0
9.8999 8.34835 9.44945 8.81882 8.91892 8.35836
8.80881 9.16917 9.44945 8.81882 9.5996 9.32933
4.45445 2.19219 4.09409 3.14314 3.83383 2.85285
5.08509 3.14314 4.09409 3.14314 4.91491 2.68268
1.18118 9.54955 0.48048 9.97998 0.43043 9.67968
0.43043 9.67968 0.48048 9.97998 0.1001 9.13914
7.82783 5.61562 7.46747 5.74575 7.44745 5.34535
7.4975 5.91592 7.07708 6.06607 7.46747 5.74575
0.29029 8.91892 0.0800801 8.90891 0.36036 8.85886
0.43043 7.28729 1.07107 7.72773 0.540541 7.75776
4.33433 6.5966 4.72472 6.53654 4.8048 6.74675
3.7037 7.13714 4.04404 7.47748 3.59359 7.44745
5.46547 2.53253 5.55556 1.99199 6.12613 2.16216
6.15616 1.26126 6.18619 0.530531 6.68669 0.530531
4.54454 8.35836 4.15415 8.38839 4.34434 8.27828
3.8038 9.48949 3.72372 9.28929 4.02402 9.41942
7.68769 4.75475 7.33734 4.5045 7.96797 4.18418
8.41842 3.82382 7.93794 3.68368 8.45846 3.15315
0.710711 2.05205 1.22122 1.85185 1.07107 2.16216
0.16016 1.68168 0.15015 1.61161 0.46046 1.89189
5.65566 2.81281 6.07608 2.79279 5.996 2.87287
5.65566 2.87287 5.46547 2.53253 5.65566 2.81281
7.20721 1.28128 7.4975 2.4024 7.07708 2.15215
8.25826 1.23123 7.88789 2.44244 8.0981 1.17117
7.64765 8.61862 8.24825 8.87888 7.70771 9.01902
7.95796 9.46947 7.70771 9.01902 7.998 9.30931
2.97297 4.89489 3.22322 4.99499 2.85285 5.13514
4.3043 5.32533 4.64464 4.94494 5.15516 5.3954
6.63664 5.58559 6.14615 5.33534 6.3964 5.1952
6.06607 5.23524 5.48549 5.45546 5.996 5.16517
9.32933 2.32232 9.27928 2.16216 9.38939 2.13213
9.32933 2.32232 9.25926 2.63263 8.83884 2.61261
6.91692 5.0951 7.1972 4.83483 7.16717 5.14515
7.25726 5.52553 7.07708 6.06607 6.63664 5.58559
5.13514 7.72773 5.3954 7.62763 5.21522 7.74775
5.42543 8.3984 5.16517 8.8989 4.98498 8.42843
3.29329 7.98799 3.24324 7.17718 3.59359 7.44745
3.7037 7.13714 3.1031 6.88689 3.31331 6.27628
9.27928 2.16216 9.1992 1.93193 9.38939 2.13213
9.1992 1.93193 9.53954 2.2022 9.38939 2.13213
2.78278 5.03504 2.97297 4.89489 2.85285 5.13514
2.47247 3.86386 2.51251 4.38438 1.81181 4.26426
3.86386 4.73473 3.22322 4.99499 3.13313 4.54454
4.24424 6.30631 4.31431 6.45646 4.33433 6.5966
7.20721 1.28128 7.0971 0.27027 7.4975 0.24024
8.88889 0.970971 9.34935 1.04104 9.16917 1.25125
2.11211 5.52553 2.85285 5.13514 2.74274 5.85586
2.06206 5.17518 2.51251 4.38438 2.78278 5.03504
7.20721 1.28128 6.87688 1.61161 6.42643 1.52152
7.0971 0.27027 7.20721 1.28128 6.68669 0.530531
6.91692 5.0951 7.16717 5.14515 7.25726 5.52553
7.07708 6.06607 7.25726 5.52553 7.46747 5.74575
2.89289 3.83383 2.77277 3.76376 3.11311 3.47347
3.05305 4.35435 3.42342 3.79379 3.49349 4.2042
1.39139 8.23824 1.23123 8.45846 0.780781 7.85786
0.540541 7.75776 0.36036 8.85886 0.0800801 8.90891
4.31431 6.45646 4.44444 6.15616 4.72472 6.53654
5.15516 5.3954 5.43544 6.01602 5.13514 6.11612
2.31231 1.5015 2.22222 1.36136 2.43243 1.41141
1.56156 0.32032 1.91191 0.32032 1.39139 0.550551
7.4975 5.91592 7.50751 6.23624 7.07708 6.06607
7.07708 6.06607 7.50751 6.23624 7.50751 6.58659
7.93794 0.3003 7.71772 0.04004 8.18819 0.29029
8.88889 0.970971 8.4985 1.13113 8.18819 0.42042
4.15415 8.38839 4.54454 8.35836 4.61461 8.52853
4.37437 8.16817 4.54454 8.35836 4.34434 8.27828
0.28028 3.34334 0.800801 3.53353 0.24024 3.84384
0.670671 2.89289 0.630631 3.2032 0.35035 3.03303
2.11211 5.52553 1.92192 5.92593 1.72172 5.56557
1.92192 5.92593 1.42142 5.77578 1.66166 5.58559
4.64464 4.94494 3.86386 4.73473 3.93393 4.55455
3.86386 4.73473 4.3043 5.32533 3.2032 5.50551
8.22823 4.49449 8.68869 4.05405 9.00901 4.49449
8.30831 2.99299 8.45846 3.15315 7.93794 3.68368
8.05806 6.53654 7.82783 5.61562 8.45846 6.64665
7.50751 6.23624 7.4975 5.91592 7.63764 5.7958
7.4975 2.4024 7.42743 2.58258 7.34735 2.45245
7.34735 2.45245 7.42743 2.58258 7.36737 2.6026
8.45846 3.15315 9.05906 3.63363 8.41842 3.82382
9.16917 4.88488 9.66967 4.48448 9.63964 5.1952
8.53854 1.15115 8.25826 1.23123 8.4985 1.13113
9.75976 0.980981 9.16917 1.25125 9.34935 1.04104
9.31932 4.33433 8.98899 4.07407 9.30931 4.03403
8.90891 4.13413 8.68869 4.05405 8.98899 4.07407
0.940941 3.21321 1.33133 3.22322 1.38138 3.39339
1.09109 2.95295 1.5015 2.47247 1.33133 3.22322
0.2002 0.48048 0.17017 0.0800801 0.22022 0.0700701
1.19119 1.04104 1.22122 1.85185 0.900901 1.02102
7.44745 5.34535 7.31732 4.91491 7.68769 4.75475
7.46747 5.74575 7.82783 5.61562 7.63764 5.7958
2.9029 7.24725 3.1031 6.88689 3.24324 7.17718
3.1031 6.88689 3.61361 7.17718 3.24324 7.17718
9.10911 4.68468 9.00901 4.49449 9.31932 4.33433
9.97998 5.78579 9.63964 5.1952 9.93994 5.12513
7.64765 8.61862 7.38739 8.42843 7.84785 8.33834
6.15616 8.65866 5.97598 8.61862 6.42643 8.28829
4.04404 7.47748 4.37437 7.74775 3.91391 7.70771
4.37437 7.74775 4.44444 7.2973 4.81481 7.37738
5.92593 0.730731 5.48549 0.31031 5.85586 0.32032
5.66567 1.39139 5.50551 1.05105 5.84585 1.18118
9.1992 1.93193 8.53854 1.15115 9.16917 1.25125
8.88889 0.970971 9.16917 1.25125 8.53854 1.15115
1.33133 4.44444 1.31131 4.21421 1.54154 4.51451
1.34134 5.33534 0.980981 5.52553 0.960961 4.53453
7.28729 9.35936 7.00701 9.72973 7.18719 9.34935
7.13714 8.48849 7.15716 7.94795 7.38739 8.42843
2.51251 4.38438 1.69169 4.78478 1.81181 4.26426
2.47247 3.86386 1.88188 3.59359 2.05205 3.49349
3.61361 7.17718 3.1031 6.88689 3.7037 7.13714
3.7037 7.13714 3.79379 6.06607 4.33433 6.5966
7.31732 4.91491 7.33734 4.5045 7.68769 4.75475
7.4975 3.81381 7.96797 4.18418 7.33734 4.5045
0.810811 4.15415 0.640641 4.44444 0.24024 3.84384
0.800801 3.53353 0.940941 3.21321 1.38138 3.39339
4.21421 7.07708 4.04404 7.47748 3.7037 7.13714
4.37437 7.74775 4.04404 7.47748 4.44444 7.2973
4.69469 9.67968 4.84484 9.46947 5.22523 9.47948
4.69469 9.67968 5.22523 9.47948 5.37538 9.71972
7.95796 9.46947 7.998 9.30931 8.17818 9.20921
7.00701 9.72973 7.95796 9.46947 8.35836 9.94995
4.33433 6.56657 4.33433 6.5966 4.31431 6.45646
4.21421 7.07708 3.7037 7.13714 4.33433 6.5966
8.24825 8.33834 8.91892 8.35836 8.86887 8.53854
8.86887 8.53854 8.91892 8.35836 9.44945 8.81882
4.34434 8.27828 4.15415 8.38839 4.13413 8.21822
2.5025 9.75976 3.84384 9.6997 5.37538 9.71972
1.91191 0.32032 2.31231 0.0600601 2.83283 0.760761
3.61361 1.81181 4.49449 1.79179 4.45445 2.19219
4.82482 7.1972 4.44444 7.2973 4.46446 7.10711
4.46446 7.10711 4.8048 6.74675 4.8048 6.93694
3.01301 2.44244 3.11311 3.47347 2.71271 3.34334
3.69369 3.5035 3.83383 2.85285 4.09409 3.14314
7.6977 3.2032 7.42743 2.58258 7.88789 2.44244
7.96797 4.18418 7.72773 3.73373 7.93794 3.68368
4.69469 9.67968 3.84384 9.6997 4.02402 9.41942
3.12312 9.53954 3.84384 9.6997 2.5025 9.75976
6.78679 4.66466 6.46647 4.8048 6.64665 4.56456
6.57658 5.06507 6.3964 5.1952 6.27628 5.00501
9.44945 8.81882 8.80881 9.16917 8.86887 8.53854
8.84885 9.54955 8.74875 9.55956 8.80881 9.16917
3.33333 9.08909 3.72372 9.28929 3.12312 9.53954
4.05405 8.32833 3.33333 9.08909 3.29329 7.98799
7.6977 3.2032 7.88789 2.44244 8.30831 2.99299
9.26927 3.86386 9.30931 4.03403 8.98899 4.07407
5.92593 6.92693 5.14515 6.90691 5.11512 6.65666
6.00601 6.96697 5.97598 7.50751 5.73574 7.16717
6.37638 9.33934 5.37538 9.71972 6.05606 9.17918
5.27528 9.33934 5.37538 9.71972 5.22523 9.47948
4.02402 9.41942 3.84384 9.6997 3.8038 9.48949
5.37538 9.71972 3.84384 9.6997 4.69469 9.67968
5.67568 9.15916 5.3954 9.1992 5.77578 8.7988
5.16517 8.8989 5.77578 8.7988 5.3954 9.1992
4.09409 3.14314 4.26426 3.55355 4.12412 3.36336
5.08509 3.14314 4.91491 2.68268 5.46547 2.53253
1.5015 2.47247 1.09109 2.95295 0.950951 2.36236
0.670671 2.89289 0.950951 2.36236 1.09109 2.95295
0.36036 8.85886 0.860861 8.55856 0.830831 8.8989
0.43043 9.67968 0.510511 9.03904 0.980981 9.13914
7.0971 4.17417 6.15616 4.11411 6.8969 3.61361
6.83684 3.36336 6.91692 3.44344 6.73674 3.49349
5.13514 6.11612 4.44444 6.15616 5.15516 5.3954
6.10611 5.64565 5.43544 6.01602 5.48549 5.45546
7.44745 5.34535 7.46747 5.74575 7.25726 5.52553
7.63764 5.7958 7.4975 5.91592 7.46747 5.74575
6.52653 7.81782 6.42643 8.28829 6.17618 7.86787
7.13714 8.48849 6.83684 8.85886 6.75676 8.62863
0.16016 1.68168 0.24024 3.84384 0.15015 1.61161
0.32032 2.63263 0.670671 2.89289 0.35035 3.03303
4.15415 8.38839 3.72372 9.28929 4.05405 8.32833
2.5025 9.75976 2.88288 8.72873 3.12312 9.53954
1.58158 3.96396 1.65165 4.44444 1.31131 4.21421
1.81181 4.26426 1.77177 3.87387 2.47247 3.86386
5.77578 8.7988 6.05606 9.17918 5.67568 9.15916
5.37538 9.71972 5.67568 9.15916 6.05606 9.17918
8.84885 9.54955 9.40941 9.77978 8.81882 9.72973
9.5996 9.32933 8.84885 9.54955 8.80881 9.16917
8.0981 1.17117 8.08809 0.690691 8.4985 1.13113
9.30931 0.32032 8.18819 0.42042 8.18819 0.29029
2.47247 7.58759 2.4024 8.33834 2.23223 7.55756
1.58158 8.97898 1.73173 8.60861 2.05205 9.04905
1.22122 1.85185 1.19119 1.04104 1.71171 1.19119
1.22122 1.85185 1.91191 1.84184 1.36136 2.06206
8.4985 1.13113 8.25826 1.23123 8.0981 1.17117
8.53854 1.15115 9.1992 1.93193 8.25826 1.23123
4.61461 8.52853 5.16517 8.8989 5.12513 9.08909
4.69469 9.67968 4.02402 9.41942 4.34434 9.22923
0.560561 4.62462 0.960961 4.53453 0.980981 5.52553
0.640641 4.44444 0.560561 4.62462 0.24024 3.84384
6.74675 4.87487 6.91692 5.0951 6.57658 5.06507
6.63664 5.58559 6.57658 5.06507 6.91692 5.0951
5.67568 3.78378 6.15616 4.11411 5.90591 4.25425
5.7958 3.18318 5.30531 3.64364 5.08509 3.14314
1.88188 3.59359 2.47247 3.86386 1.77177 3.87387
1.45145 3.62362 1.55155 3.36336 1.84184 3.62362
6.78679 4.66466 6.51652 4.87487 6.46647 4.8048
6.74675 4.87487 6.57658 5.06507 6.51652 4.87487
0.770771 5.87588 0.34034 5.01502 0.980981 5.52553
0.16016 5.05506 0.24024 3.84384 0.560561 4.62462
8.22823 7.71772 7.36737 7.14715 7.6977 6.87688
9.05906 7.3974 9.1992 6.54655 9.41942 6.74675
8.24825 8.87888 7.84785 8.33834 8.24825 8.33834
7.64765 8.61862 7.0971 8.92893 7.38739 8.42843
7.13714 8.48849 7.38739 8.42843 7.0971 8.92893
7.15716 7.94795 7.84785 8.33834 7.38739 8.42843
3.003 5.38539 2.74274 5.85586 2.85285 5.13514
3.86386 4.73473 3.2032 5.50551 3.22322 4.99499
3.31331 6.27628 3.27327 6.1962 3.79379 6.06607
3.22322 5.83584 3.79379 6.06607 3.27327 6.1962
9.8999 8.34835 9.40941 7.3974 9.97998 5.78579
8.45846 6.64665 8.87888 7.57758 8.22823 7.71772
0.630631 0.38038 0.22022 0.0700701 0.990991 0.32032
3.24324 0.31031 2.83283 0.760761 2.31231 0.0600601
8.86887 8.53854 8.24825 8.87888 8.24825 8.33834
8.74875 9.55956 8.17818 9.20921 8.80881 9.16917
1.4014 0.28028 0.22022 0.0700701 2.31231 0.0600601
3.24324 0.31031 4.09409 0 3.72372 0.920921
6.83684 8.85886 6.5966 9.62963 6.37638 9.33934
7.0971 8.92893 7.28729 9.35936 7.18719 9.34935
9.62963 2.59259 9.34935 2.41241 9.54955 2.21221
9.25926 2.63263 9.54955 2.72272 9.26927 3.07307
3.13313 4.54454 3.49349 4.2042 3.86386 4.73473
2.97297 4.89489 2.51251 4.38438 3.13313 4.54454
2.31231 1.5015 2.43243 1.41141 2.63263 1.83183
3.01301 1.5015 3.23323 1.19119 3.45345 1.47147
0.980981 9.13914 1.18118 9.54955 0.43043 9.67968
0.36036 8.85886 0.830831 8.8989 0.510511 9.03904
4.61461 8.52853 5.12513 9.08909 4.34434 9.22923
4.84484 9.46947 4.99499 9.30931 5.22523 9.47948
9.97998 5.78579 9.01902 5.34535 9.58959 5.21522
8.45846 6.64665 9.01902 5.34535 9.1992 6.54655
1.8018 3.34334 1.88188 3.59359 1.84184 3.62362
1.67167 3.31331 1.5015 2.47247 2.31231 2.98298
7.04705 4.49449 7.1972 4.83483 6.78679 4.66466
7.33734 4.5045 7.31732 4.91491 7.1972 4.83483
2.83283 0.760761 2.68268 1.3013 2.22222 1.36136
2.22222 1.36136 1.91191 0.32032 2.83283 0.760761
7.71772 0.04004 7.36737 0.13013 7.13714 0
8.08809 0.690691 7.4975 0.24024 7.93794 0.3003
3.55355 1.001 3.69369 1.01101 3.45345 1.47147
3.01301 2.44244 3.61361 1.81181 3.83383 2.85285
6.31632 6.25626 6.63664 5.58559 6.72673 6.25626
6.14615 5.33534 6.63664 5.58559 6.10611 5.64565
7.13714 0 7.36737 0.13013 7.0971 0.27027
6.14615 0.35035 6.77678 0.17017 6.68669 0.530531
3.42342 3.79379 3.69369 3.5035 3.9039 3.7037
3.11311 3.47347 3.83383 2.85285 3.69369 3.5035
6.06607 5.23524 6.10611 5.64565 5.48549 5.45546
5.48549 5.45546 5.81582 4.84484 5.996 5.16517
6.14615 0.35035 6.68669 0.530531 6.18619 0.530531
7.0971 0.27027 7.36737 0.13013 7.4975 0.24024
9.58959 9.67968 9.63964 9.80981 9.40941 9.77978
8.35836 9.94995 9.40941 9.77978 9.63964 9.80981
5.37538 9.71972 5.3954 9.1992 5.67568 9.15916
5.12513 9.08909 5.3954 9.1992 5.27528 9.33934
1.69169 4.78478 1.65165 4.44444 1.81181 4.26426
2.78278 5.03504 2.85285 5.13514 2.11211 5.52553
5.02503 1.51151 4.59459 1.7017 4.37437 1.48148
4.72472 2.2022 4.59459 1.7017 5.02503 1.51151
6.87688 7.26727 6.8969 7.11712 7.13714 7.35736
6.87688 7.26727 6.40641 7.06707 6.8969 7.11712
4.54454 1.02102 4.37437 1.48148 3.69369 1.01101
5.02503 1.51151 4.37437 1.48148 4.54454 1.02102
2.46246 6.37638 3.31331 6.27628 3.1031 6.88689
2.23223 5.90591 2.24224 6.51652 1.92192 5.92593
0.780781 7.85786 1.07107 7.72773 1.39139 8.23824
0.540541 7.75776 0.860861 8.55856 0.36036 8.85886
7.93794 0.3003 7.4975 0.24024 7.71772 0.04004
8.18819 0.42042 7.93794 0.3003 8.18819 0.29029
7.55756 6.75676 7.56757 6.74675 7.6977 6.87688
7.36737 7.14715 7.17718 6.78679 7.55756 6.75676
4.05405 8.32833 3.29329 7.98799 3.63363 7.82783
3.29329 7.98799 3.33333 9.08909 2.88288 8.72873
5.17518 7.26727 5.73574 7.16717 5.3954 7.62763
4.85485 7.65766 4.89489 7.30731 5.13514 7.72773
7.0971 4.17417 6.8969 3.61361 7.4975 3.81381
7.6977 3.2032 7.93794 3.68368 7.65766 3.63363
1.82182 7.44745 1.39139 8.23824 1.07107 7.72773
1.7017 8.28829 1.39139 8.33834 1.39139 8.23824
6.8969 7.11712 6.40641 7.06707 6.42643 6.95696
6.00601 6.96697 6.10611 6.55656 6.42643 6.95696
4.33433 6.5966 4.8048 6.74675 4.46446 7.10711
4.04404 7.47748 4.21421 7.07708 4.44444 7.2973
6.42643 6.95696 6.90691 6.97698 6.8969 7.11712
6.52653 7.81782 5.97598 7.50751 6.40641 7.06707
4.37437 1.48148 3.61361 1.81181 3.5035 1.6016
4.45445 2.19219 3.83383 2.85285 3.61361 1.81181
0.940941 6.53654 1.23123 6.93694 0.730731 6.83684
1.001 6.34635 0.710711 6.24625 0.770771 5.87588
4.91491 2.68268 4.45445 2.19219 4.72472 2.2022
4.72472 2.2022 4.45445 2.19219 4.49449 1.79179
0.16016 1.68168 0.32032 2.63263 0.28028 3.34334
0.24024 3.84384 0.01001 5.95596 0.15015 1.61161
2.22222 1.36136 2.68268 1.3013 2.43243 1.41141
3.44344 0.990991 2.83283 0.760761 3.24324 0.31031
2.31231 0.0600601 4.09409 0 3.24324 0.31031
3.72372 0.920921 4.09409 0 4.48448 0.500501
9.97998 5.78579 9.95996 9.14915 9.8999 8.34835
6.48649 3.4034 5.67568 3.78378 6.16617 3.2032
6.12613 2.16216 6.20621 2.67267 6.07608 2.79279
6.10611 5.64565 6.06607 5.23524 6.14615 5.33534
6.27628 5.00501 5.996 5.16517 6.04605 4.88488
7.71772 0.04004 7.13714 0 9.66967 0.0800801
7.71772 0.04004 9.66967 0.0800801 8.18819 0.29029
4.54454 8.35836 4.37437 8.16817 4.54454 8.11812
4.34434 8.27828 4.13413 8.21822 4.37437 8.16817
1.33133 3.22322 1.67167 3.31331 1.55155 3.36336
1.5015 2.47247 1.67167 3.31331 1.33133 3.22322
7.0971 4.17417 6.64665 4.56456 6.15616 4.11411
7.4975 3.81381 7.33734 4.5045 7.0971 4.17417
0.04004 8.97898 0.01001 5.95596 0.22022 7.22723
0.27027 6.03604 0.01001 5.95596 0.16016 5.05506
3.29329 7.98799 2.69269 7.84785 2.73273 7.76777
2.76276 8.17818 3.29329 7.98799 2.88288 8.72873
1.5015 2.47247 0.950951 2.36236 1.07107 2.16216
0.710711 2.05205 1.07107 2.16216 0.950951 2.36236
8.24825 8.87888 7.64765 8.61862 7.84785 8.33834
7.0971 8.92893 7.64765 8.61862 7.70771 9.01902
6.83684 8.85886 7.13714 8.48849 7.0971 8.92893
7.15716 7.94795 7.13714 8.48849 6.70671 8.22823
0.630631 0.38038 0.890891 0.620621 0.31031 1.14114
1.39139 0.550551 0.890891 0.620621 0.990991 0.32032
1.91191 1.84184 1.5015 2.47247 1.36136 2.06206
1.07107 2.16216 1.36136 2.06206 1.5015 2.47247
9.44945 8.81882 9.63964 9.21922 9.5996 9.32933
9.95996 9.14915 9.58959 9.67968 9.5996 9.32933
4.61461 8.52853 4.34434 9.22923 4.15415 8.38839
3.72372 9.28929 4.34434 9.22923 4.02402 9.41942
8.60861 2.94294 8.30831 2.99299 8.83884 2.61261
9.05906 3.63363 8.45846 3.15315 9.04905 3.09309
1.77177 3.87387 1.84184 3.62362 1.88188 3.59359
1.58158 3.96396 1.81181 4.26426 1.65165 4.44444
3.12312 9.53954 2.88288 8.72873 3.33333 9.08909
2.4024 8.33834 1.73173 8.60861 1.7017 8.28829
1.55155 3.36336 1.45145 3.62362 1.38138 3.39339
1.81181 4.26426 1.58158 3.96396 1.77177 3.87387
9.54955 2.72272 9.34935 2.41241 9.62963 2.59259
9.26927 3.07307 9.04905 3.09309 9.25926 2.63263
6.78679 7.6977 6.87688 7.26727 7.13714 7.35736
6.52653 7.81782 6.77678 7.76777 6.70671 8.22823
3.05305 4.35435 2.89289 3.83383 3.42342 3.79379
3.13313 4.54454 2.51251 4.38438 3.05305 4.35435
1.4014 0.28028 1.56156 0.32032 1.39139 0.550551
0.22022 0.0700701 4.09409 0 2.31231 0.0600601
9.44945 8.81882 9.95996 9.14915 9.63964 9.21922
9.95996 9.14915 9.5996 9.32933 9.63964 9.21922
6.90691 6.97698 7.36737 7.14715 6.8969 7.11712
7.13714 7.35736 6.8969 7.11712 7.36737 7.14715
5.93594 1.47147 5.70571 1.4014 5.84585 1.18118
6.08609 1.97197 6.42643 1.52152 6.74675 2.08208
5.66567 1.39139 5.84585 1.18118 5.70571 1.4014
5.50551 1.05105 5.48549 0.31031 5.92593 0.730731
2.22222 1.36136 1.95195 1.42142 1.91191 1.3013
1.56156 0.32032 2.31231 0.0600601 1.91191 0.32032
6.74675 2.08208 6.12613 2.16216 6.08609 1.97197
6.87688 1.61161 7.07708 2.15215 6.74675 2.08208
1.42142 5.77578 0.770771 5.87588 0.980981 5.52553
0.570571 6.10611 0.710711 6.24625 0.670671 6.60661
8.14815 7.85786 7.36737 7.14715 8.22823 7.71772
7.14715 7.82783 7.15716 7.94795 6.77678 7.76777
1.22122 1.85185 1.95195 1.42142 1.91191 1.84184
1.71171 1.19119 1.39139 0.550551 1.91191 0.32032
8.45846 6.64665 9.05906 7.3974 8.87888 7.57758
9.8999 8.34835 8.91892 8.35836 9.40941 7.3974
2.31231 2.98298 2.71271 3.34334 2.05205 3.49349
2.48248 3.69369 2.77277 3.76376 2.51251 3.73373
4.97497 0.17017 5.18519 0.23023 4.55455 0.520521
4.09409 0 5.71572 0.1001 4.97497 0.17017
6.48649 3.4034 6.83684 3.36336 6.73674 3.49349
7.32733 3.34334 6.83684 3.36336 7.36737 2.6026
9.1992 6.54655 9.97998 5.78579 9.41942 6.74675
9.97998 5.78579 9.40941 7.3974 9.41942 6.74675
6.68669 0.530531 6.77678 0.17017 7.0971 0.27027
7.13714 0 7.0971 0.27027 6.77678 0.17017
3.44344 0.990991 3.45345 1.47147 3.23323 1.19119
2.83283 0.760761 3.44344 0.990991 3.23323 1.19119
3.45345 1.47147 3.44344 0.990991 3.55355 1.001
2.68268 1.3013 3.23323 1.19119 3.01301 1.5015
6.78679 4.66466 6.64665 4.56456 6.74675 4.59459
6.64665 4.56456 7.0971 4.17417 6.74675 4.59459
6.73674 3.49349 6.91692 3.44344 6.8969 3.61361
6.8969 3.61361 6.91692 3.44344 7.32733 3.34334
7.18719 9.34935 6.83684 8.85886 7.0971 8.92893
6.05606 9.17918 6.54655 8.8989 6.37638 9.33934
4.89489 7.30731 4.85485 7.65766 4.81481 7.37738
4.37437 7.74775 4.81481 7.37738 4.85485 7.65766
0.830831 8.8989 1.28128 8.93894 0.980981 9.13914
1.28128 8.93894 1.18118 9.54955 0.980981 9.13914
6.10611 5.64565 6.63664 5.58559 6.17618 6.14615
6.72673 6.25626 7.07708 6.06607 6.81682 6.27628
5.17518 7.26727 5.13514 7.72773 4.89489 7.30731
5.73574 7.16717 5.97598 7.50751 5.3954 7.62763
7.68769 4.75475 8.11812 4.76476 8.11812 4.86486
8.41842 3.82382 8.68869 4.05405 8.22823 4.49449
2.9029 7.24725 2.54254 6.92693 3.1031 6.88689
2.23223 7.55756 2.54254 6.92693 2.65265 7.27728
7.36737 7.14715 7.14715 7.82783 7.13714 7.35736
6.78679 7.6977 7.13714 7.35736 7.14715 7.82783
8.80881 5.07508 9.00901 4.49449 9.10911 4.68468
8.98899 4.07407 9.31932 4.33433 9.00901 4.49449
6.15616 1.26126 6.13614 1.59159 5.93594 1.47147
5.55556 1.99199 6.08609 1.97197 6.12613 2.16216
9.40941 7.3974 8.91892 8.35836 8.87888 7.57758
8.91892 8.35836 8.22823 7.71772 8.87888 7.57758
5.43544 6.01602 6.10611 6.55656 5.11512 6.65666
4.72472 6.53654 4.44444 6.15616 5.13514 6.11612
3.12312 9.53954 3.72372 9.28929 3.8038 9.48949
3.72372 9.28929 3.33333 9.08909 4.05405 8.32833
5.7958 3.18318 5.65566 2.87287 5.72573 2.89289
5.65566 2.81281 5.72573 2.89289 5.65566 2.87287
2.24224 6.51652 2.33233 6.74675 2.16216 6.5966
2.33233 6.74675 1.71171 6.997 2.16216 6.5966
0.710711 2.05205 0.32032 2.63263 0.46046 1.89189
0.32032 2.63263 0.16016 1.68168 0.46046 1.89189
9.32933 2.32232 8.83884 2.61261 9.27928 2.16216
9.04905 3.09309 8.83884 2.61261 9.25926 2.63263
2.51251 3.73373 2.77277 3.76376 2.47247 3.86386
3.11311 3.47347 2.77277 3.76376 2.71271 3.34334
4.8048 6.74675 5.14515 6.90691 4.8048 6.93694
4.72472 6.53654 5.13514 6.11612 5.11512 6.65666
5.11512 6.65666 6.10611 6.55656 5.92593 6.92693
6.10611 6.55656 6.00601 6.96697 5.92593 6.92693
2.88288 8.72873 2.05205 9.04905 2.4024 8.33834
2.69269 7.84785 2.76276 8.17818 2.4024 8.33834
5.55556 1.99199 5.70571 1.4014 5.93594 1.47147
5.02503 1.51151 5.50551 1.05105 5.66567 1.39139
6.28629 2.81281 6.00601 3.02302 6.02603 2.88288
6.28629 2.81281 6.48649 2.79279 6.16617 3.2032
6.75676 8.62863 6.83684 8.85886 6.54655 8.8989
6.42643 8.28829 6.70671 8.22823 6.75676 8.62863
2.05205 3.49349 2.48248 3.69369 2.47247 3.86386
2.48248 3.69369 2.51251 3.73373 2.47247 3.86386
1.7017 8.28829 1.82182 7.44745 2.23223 7.55756
1.23123 6.93694 1.43143 7.27728 1.07107 7.72773
0.22022 7.22723 0.01001 5.95596 0.510511 6.73674
0.27027 6.03604 0.510511 6.73674 0.01001 5.95596
1.18118 9.54955 1.44144 8.93894 1.58158 8.97898
1.73173 8.60861 1.58158 8.97898 1.44144 8.93894
0.570571 6.10611 0.510511 6.73674 0.27027 6.03604
0.710711 6.24625 0.940941 6.53654 0.670671 6.60661
1.42142 5.77578 1.35135 5.3954 1.66166 5.58559
1.35135 5.3954 1.72172 5.56557 1.66166 5.58559
7.70771 9.01902 8.17818 9.20921 7.998 9.30931
8.24825 8.87888 8.80881 9.16917 8.17818 9.20921
5.90591 4.25425 6.15616 4.11411 6.46647 4.8048
5.81582 4.84484 5.30531 4.52452 5.90591 4.25425
0.24024 3.84384 0.16016 5.05506 0.01001 5.95596
0.800801 3.53353 0.28028 3.34334 0.630631 3.2032
6.15616 8.65866 5.77578 8.7988 5.97598 8.61862
5.77578 8.7988 5.42543 8.3984 5.97598 8.61862
0.890891 0.620621 1.19119 1.04104 0.900901 1.02102
1.4014 0.28028 1.39139 0.550551 0.990991 0.32032
0.16016 1.68168 0.28028 3.34334 0.24024 3.84384
0.32032 2.63263 0.35035 3.03303 0.28028 3.34334
7.68769 4.75475 8.22823 4.49449 8.11812 4.76476
8.80881 5.07508 8.11812 4.76476 8.22823 4.49449
7.6977 3.2032 7.65766 3.63363 7.32733 3.34334
7.4975 3.81381 7.32733 3.34334 7.65766 3.63363
1.23123 6.93694 1.07107 7.72773 0.43043 7.28729
0.540541 7.75776 1.07107 7.72773 0.780781 7.85786
5.22523 9.47948 4.99499 9.30931 5.27528 9.33934
4.34434 9.22923 4.99499 9.30931 4.84484 9.46947
3.69369 1.01101 3.55355 1.001 3.72372 0.920921
3.5035 1.6016 2.84284 2.01201 3.01301 1.5015
1.22122 1.85185 1.71171 1.19119 1.95195 1.42142
1.19119 1.04104 1.39139 0.550551 1.71171 1.19119
5.66567 1.39139 5.55556 1.99199 5.02503 1.51151
5.55556 1.99199 5.66567 1.39139 5.70571 1.4014
5.28529 2.03203 5.02503 1.51151 5.55556 1.99199
6.08609 1.97197 5.93594 1.47147 6.13614 1.59159
9.10911 4.68468 9.66967 4.48448 9.16917 4.88488
9.58959 5.21522 9.01902 5.34535 9.16917 4.88488
9.62963 2.59259 9.83984 2.87287 9.54955 2.72272
9.83984 2.87287 9.26927 3.07307 9.54955 2.72272
1.34134 5.33534 1.74174 4.89489 1.72172 5.56557
2.51251 4.38438 1.74174 4.89489 1.69169 4.78478
7.65766 6.72673 7.50751 6.58659 7.68769 6.5966
8.45846 6.64665 8.22823 7.71772 7.6977 6.87688
4.37437 1.48148 4.59459 1.7017 4.49449 1.79179
4.72472 2.2022 4.49449 1.79179 4.59459 1.7017
5.7958 3.18318 6.00601 3.02302 6.16617 3.2032
6.28629 2.81281 6.16617 3.2032 6.00601 3.02302
8.0981 1.17117 7.88789 2.44244 7.4975 2.4024
9.1992 1.93193 7.88789 2.44244 8.25826 1.23123
8.41842 3.82382 7.96797 4.18418 7.93794 3.68368
7.96797 4.18418 8.22823 4.49449 7.68769 4.75475
2.05205 3.49349 2.71271 3.34334 2.48248 3.69369
2.77277 3.76376 2.48248 3.69369 2.71271 3.34334
3.2032 5.50551 3.003 5.38539 3.22322 4.99499
2.74274 5.85586 3.003 5.38539 3.16316 5.74575
9.41942 6.74675 9.40941 7.3974 9.05906 7.3974
9.40941 7.3974 8.87888 7.57758 9.05906 7.3974
0.16016 5.05506 0.560561 4.62462 0.34034 5.01502
0.640641 4.44444 0.810811 4.15415 0.960961 4.53453
9.46947 0.650651 9.30931 0.32032 9.66967 0.0800801
9.66967 0.0800801 9.30931 0.32032 8.18819 0.29029
1.71171 6.997 1.43143 7.27728 1.23123 6.93694
1.82182 7.44745 1.07107 7.72773 1.43143 7.27728
7.50751 6.58659 7.50751 6.23624 7.68769 6.5966
8.05806 6.53654 7.50751 6.23624 7.63764 5.7958
6.42643 6.95696 6.10611 6.55656 6.31632 6.25626
6.17618 6.14615 6.63664 5.58559 6.31632 6.25626
2.65265 7.27728 2.73273 7.76777 2.47247 7.58759
2.69269 7.84785 2.47247 7.58759 2.73273 7.76777
2.71271 3.34334 2.63263 2.55255 3.01301 2.44244
2.34234 2.68268 2.2022 2.48248 2.63263 2.55255
7.50751 6.23624 8.05806 6.53654 7.68769 6.5966
7.82783 5.61562 8.05806 6.53654 7.63764 5.7958
2.88288 8.72873 2.4024 8.33834 2.76276 8.17818
2.05205 9.04905 1.73173 8.60861 2.4024 8.33834
1.84184 3.62362 1.77177 3.87387 1.45145 3.62362
1.33133 3.22322 1.55155 3.36336 1.38138 3.39339
0.24024 3.84384 0.800801 3.53353 0.810811 4.15415
0.630631 3.2032 0.940941 3.21321 0.800801 3.53353
1.72172 5.56557 1.74174 4.89489 2.06206 5.17518
2.51251 4.38438 2.06206 5.17518 1.74174 4.89489
7.6977 3.2032 7.36737 2.6026 7.42743 2.58258
6.83684 3.36336 7.32733 3.34334 6.91692 3.44344
4.33433 6.5966 4.46446 7.10711 4.21421 7.07708
4.82482 7.1972 4.46446 7.10711 4.8048 6.93694
9.26927 3.07307 9.26927 3.86386 9.05906 3.63363
9.83984 2.87287 9.26927 3.86386 9.26927 3.07307
4.69469 7.94795 4.54454 8.11812 4.48448 7.83784
4.37437 8.16817 4.48448 7.83784 4.54454 8.11812
9.26927 3.07307 9.05906 3.63363 9.04905 3.09309
9.05906 3.63363 9.26927 3.86386 8.98899 4.07407
5.27528 9.33934 4.99499 9.30931 5.12513 9.08909
5.12513 9.08909 4.99499 9.30931 4.34434 9.22923
5.97598 7.50751 5.66567 7.91792 5.3954 7.62763
5.97598 8.61862 5.66567 7.91792 6.08609 7.84785
3.22322 5.83584 3.2032 5.50551 3.79379 6.06607
3.003 5.38539 3.2032 5.50551 3.16316 5.74575
7.4975 0.24024 7.36737 0.13013 7.71772 0.04004
7.20721 1.28128 7.4975 0.24024 8.08809 0.690691
7.31732 4.91491 7.44745 5.34535 7.16717 5.14515
7.25726 5.52553 7.16717 5.14515 7.44745 5.34535
7.4975 3.81381 7.65766 3.63363 7.72773 3.73373
7.65766 3.63363 7.93794 3.68368 7.72773 3.73373
2.11211 5.52553 2.06206 5.17518 2.78278 5.03504
2.23223 5.90591 2.11211 5.52553 2.74274 5.85586
7.0971 4.17417 7.33734 4.5045 7.04705 4.49449
7.04705 4.49449 7.33734 4.5045 7.1972 4.83483
6.15616 1.26126 5.92593 0.730731 6.18619 0.530531
5.84585 1.18118 5.50551 1.05105 5.92593 0.730731
1.23123 6.93694 0.43043 7.28729 0.730731 6.83684
0.43043 7.28729 0.510511 6.73674 0.730731 6.83684
0.27027 6.03604 0.770771 5.87588 0.570571 6.10611
0.770771 5.87588 0.710711 6.24625 0.570571 6.10611
0.540541 7.75776 0.780781 7.85786 0.860861 8.55856
0.0800801 8.90891 0.22022 7.22723 0.540541 7.75776
7.07708 6.06607 6.72673 6.25626 6.63664 5.58559
6.90691 6.97698 6.72673 6.25626 6.81682 6.27628
4.54454 1.02102 3.69369 1.01101 3.72372 0.920921
3.5035 1.6016 3.69369 1.01101 4.37437 1.48148
0.31031 1.14114 0.890891 0.620621 0.900901 1.02102
0.630631 0.38038 0.990991 0.32032 0.890891 0.620621
0.31031 1.14114 0.18018 1.35135 0.2002 0.48048
0.15015 1.61161 0.2002 0.48048 0.18018 1.35135
6.06607 5.23524 6.27628 5.00501 6.3964 5.1952
6.04605 4.88488 6.46647 4.8048 6.27628 5.00501
1.32132 6.5966 1.001 6.34635 1.42142 5.77578
0.940941 6.53654 0.710711 6.24625 1.001 6.34635
5.72573 2.89289 5.996 2.87287 6.00601 3.02302
5.996 2.87287 6.02603 2.88288 6.00601 3.02302
8.83884 2.61261 9.04905 3.09309 8.60861 2.94294
9.04905 3.09309 8.45846 3.15315 8.60861 2.94294
2.68268 1.3013 3.01301 1.5015 2.63263 1.83183
3.61361 1.81181 3.01301 2.44244 2.84284 2.01201
5.13514 7.72773 5.17518 7.26727 5.3954 7.62763
4.82482 7.1972 5.17518 7.26727 4.89489 7.30731
6.48649 3.4034 6.48649 2.79279 6.83684 3.36336
7.36737 2.6026 6.83684 3.36336 6.48649 2.79279
3.5035 1.6016 3.01301 1.5015 3.45345 1.47147
2.63263 1.83183 3.01301 1.5015 2.84284 2.01201
5.42543 8.3984 4.98498 8.42843 5.31532 8.32833
5.16517 8.8989 4.61461 8.52853 4.98498 8.42843
8.22823 7.71772 8.24825 8.33834 8.14815 7.85786
8.24825 8.33834 7.84785 8.33834 8.14815 7.85786
6.20621 2.67267 6.12613 2.16216 6.74675 2.08208
6.28629 2.81281 6.07608 2.79279 6.20621 2.67267
1.58158 3.96396 1.11111 4.05405 1.45145 3.62362
0.800801 3.53353 1.45145 3.62362 1.11111 4.05405
5.3954 7.62763 5.66567 7.91792 5.21522 7.74775
5.31532 8.32833 5.21522 7.74775 5.66567 7.91792
8.98899 4.07407 9.00901 4.49449 8.90891 4.13413
9.00901 4.49449 8.68869 4.05405 8.90891 4.13413
8.4985 1.13113 8.08809 0.690691 8.18819 0.42042
7.93794 0.3003 8.18819 0.42042 8.08809 0.690691
9.83984 2.87287 9.93994 5.12513 9.66967 4.48448
9.93994 5.12513 9.63964 5.1952 9.66967 4.48448
5.65566 2.81281 5.996 2.87287 5.72573 2.89289
6.07608 2.79279 6.02603 2.88288 5.996 2.87287
5.67568 3.78378 5.22523 4.33433 5.30531 3.64364
4.26426 3.55355 5.22523 4.33433 4.11411 3.86386
1.95195 1.42142 1.71171 1.19119 1.91191 1.3013
1.91191 0.32032 1.91191 1.3013 1.71171 1.19119
7.14715 7.82783 6.77678 7.76777 6.78679 7.6977
7.15716 7.94795 6.70671 8.22823 6.77678 7.76777
5.93594 1.47147 6.08609 1.97197 5.55556 1.99199
6.42643 1.52152 6.08609 1.97197 6.13614 1.59159
4.31431 6.45646 4.72472 6.53654 4.33433 6.56657
4.72472 6.53654 4.33433 6.5966 4.33433 6.56657
4.72472 6.53654 5.11512 6.65666 4.8048 6.74675
5.14515 6.90691 4.8048 6.74675 5.11512 6.65666
6.75676 8.62863 6.54655 8.8989 6.15616 8.65866
6.83684 8.85886 6.37638 9.33934 6.54655 8.8989
9.30931 4.03403 9.66967 4.48448 9.31932 4.33433
9.10911 4.68468 9.31932 4.33433 9.66967 4.48448
8.4985 1.13113 8.88889 0.970971 8.53854 1.15115
9.46947 0.650651 8.88889 0.970971 9.30931 0.32032
8.05806 6.53654 7.65766 6.72673 7.68769 6.5966
7.6977 6.87688 7.56757 6.74675 7.65766 6.72673
9.53954 2.2022 9.75976 0.980981 9.54955 2.21221
9.75976 0.980981 9.83984 2.87287 9.54955 2.21221
5.22523 4.33433 4.26426 3.55355 5.30531 3.64364
3.9039 3.7037 4.26426 3.55355 4.11411 3.86386
1.65165 4.44444 1.69169 4.78478 1.54154 4.51451
1.69169 4.78478 1.33133 4.44444 1.54154 4.51451
0.22022 0.0700701 1.4014 0.28028 0.990991 0.32032
2.31231 0.0600601 1.56156 0.32032 1.4014 0.28028
6.10611 6.55656 6.13614 6.24625 6.31632 6.25626
6.17618 6.14615 6.31632 6.25626 6.13614 6.24625
3.2032 5.50551 4.3043 5.32533 3.79379 6.06607
3.86386 4.73473 4.64464 4.94494 4.3043 5.32533
0.640641 4.44444 0.960961 4.53453 0.560561 4.62462
1.33133 4.44444 1.34134 5.33534 0.960961 4.53453
2.46246 6.37638 3.27327 6.1962 3.31331 6.27628
2.74274 5.85586 3.22322 5.83584 3.27327 6.1962
2.24224 6.51652 2.23223 5.90591 2.46246 6.37638
2.11211 5.52553 2.23223 5.90591 1.92192 5.92593
