500
-9.2153 3.03601
-7.72046 3.88859
-7.48428 4.69783
-7.39118 5.29269
-6.3752 2.39386
-5.47719 3.1857
-5.4711 -4.03424
-5.43835 2.16682
-5.35056 -4.62699
-5.29477 13.3628
-5.27975 7.22393
-4.74564 -10.0865
-4.66535 8.86275
-4.4933 8.26398
-4.24491 0.577121
-4.14219 4.74425
-3.89053 4.43336
-3.82467 -0.798969
-3.70003 3.73863
-3.6856 8.43765
-3.62428 7.00268
-3.58374 12.0422
-3.49296 9.0867
-3.45703 5.24065
-3.41431 12.2087
-3.39827 9.05922
-3.33952 -0.419206
-3.33306 0.550464
-3.28927 7.61987
-3.2648 3.37339
-3.19855 -2.55667
-3.01482 4.58302
-3.00629 13.7192
-3.00579 6.8915
-2.92949 -1.87442
-2.83122 6.28226
-2.79468 -1.87931
-2.77174 0.936154
-2.7482 10.0462
-2.7354 3.84292
-2.70475 5.45844
-2.63064 7.60141
-2.62415 1.70402
-2.61559 9.71857
-2.36673 10.7798
-2.36456 6.3418
-2.34297 8.88178
-2.32131 -7.44135
-2.25665 0.624204
-2.2204 13.2074
-2.04186 -5.203
-2.00374 10.0246
-2.00198 3.1562
-1.72064 12.8169
-1.69721 0.564147
-1.6466 6.34825
-1.58906 9.75337
-1.53851 2.81788
-1.46866 -4.49736
-1.40399 3.53577
-1.38417 13.6138
-1.34671 4.99544
-1.2051 10.6864
-1.16766 4.7878
-1.12742 4.51153
-1.11927 -4.51874
-1.07678 4.60774
-1.05481 7.87414
-1.03664 13.5075
-0.981584 1.3062
-0.920066 2.58158
-0.837939 2.65552
-0.749598 0.340286
-0.746604 7.32995
-0.690682 12.1749
-0.683396 1.98965
-0.650258 8.24141
-0.649995 8.87393
-0.619723 -0.919614
-0.588607 -2.07385
-0.385907 10.9138
-0.296979 7.26486
-0.24619 9.19912
-0.233913 6.97399
-0.177417 8.64863
-0.162986 3.15981
-0.0934259 3.19001
-0.0735779 0.636697
0.0611709 16.6167
0.15181 8.08684
0.274265 12.6687
0.299815 -0.2492
0.379833 4.96225
0.38026 5.54018
0.386739 7.07979
0.478994 1.85397
0.491691 5.12334
0.572398 3.79465
0.592045 7.92378
0.615797 5.4166
0.6246 4.82478
0.626067 12.8191
0.707259 3.12743
0.719673 4.67226
0.778097 1.4317
0.804571 3.90434
0.805146 7.54683
0.80963 2.52727
0.846179 8.50583
0.88154 4.02862
0.88203 4.57888
0.891364 12.6216
0.904455 3.89256
0.960939 3.86818
0.972771 1.72136
1.0101 9.15027
1.03071 5.1151
1.06456 8.11159
1.09789 0.709828
1.19877 4.17311
1.22763 2.14685
1.23966 3.18494
1.3034 -0.258315
1.32168 -0.47424
1.35581 2.07931
1.39793 1.35979
1.41096 0.719209
1.46789 5.75743
1.49514 2.11726
1.64486 7.961
1.736 4.3863
1.76571 10.0004
1.79625 3.71149
1.83088 5.48924
1.87067 7.67851
1.87922 -3.09267
1.90275 7.26656
1.90514 13.3484
1.92474 -0.0604798
1.96791 9.22946
1.99391 -3.51897
2.02964 2.55676
2.03905 5.42927
2.05106 3.40308
2.10164 -0.444864
2.11349 14.1347
2.12637 12.5143
2.17463 11.637
2.17598 -4.14073
2.28605 3.82006
2.29198 14.1628
2.37389 12.0616
2.42163 16.5996
2.42823 5.42283
2.46981 5.10544
2.48176 3.7409
2.49302 7.11815
2.51219 1.14748
2.5134 9.1488
2.55603 4.62297
2.58229 -1.2982
2.73146 3.92147
2.73409 11.6656
2.86207 4.57527
2.87486 6.35372
2.87698 10.2842
2.91319 1.28482
2.94815 5.29447
2.96384 2.6191
3.00379 3.42388
3.02495 13.2283
3.03561 -1.78446
3.06595 3.59709
3.09654 3.29818
3.11931 7.88874
3.1226 7.30104
3.18441 14.1709
3.23273 -1.35613
3.29333 5.49417
3.31479 0.753103
3.33463 7.83407
3.39209 0.870952
3.40234 12.1022
3.42948 7.38548
3.47822 -4.33792
3.49757 6.62106
3.50135 -5.36554
3.52684 11.5611
3.56247 -1.11198
3.60828 7.78516
3.63131 10.3322
3.63734 17.7765
3.64158 8.60177
3.67653 9.51513
3.7191 9.5202
3.74196 5.13791
3.74463 6.45219
3.8743 -1.79407
3.92717 3.95567
3.96173 3.36932
4.00506 -2.29537
4.03732 2.6329
4.04469 0.0637735
4.04983 4.89482
4.09768 7.19519
4.11156 6.28178
4.13378 9.3993
4.18021 -7.88795
4.1804 7.88044
4.20556 12.6993
4.26212 8.57356
4.26894 6.68757
4.38578 8.80727
4.44244 13.7594
4.4697 11.3156
4.51659 1.50882
4.51874 7.28847
4.5441 -1.0388
4.56053 -4.63372
4.57395 3.57876
4.61516 -3.20948
4.62477 2.0085
4.65157 4.47053
4.67702 8.99568
4.69016 1.19618
4.70089 9.55896
4.72647 6.92422
4.72686 11.9825
4.78079 6.26963
4.78342 11.6947
4.79771 9.83353
4.87697 11.0263
4.87975 4.09349
4.90278 4.85509
4.92559 10.3843
4.92774 7.30159
4.95782 9.36586
4.9632 9.47322
4.96923 1.69088
5.02115 6.65741
5.03632 5.87062
5.04711 -0.501421
5.05061 6.14372
5.06612 8.86347
5.09843 2.3634
5.12319 23.0466
5.16028 8.31182
5.28887 4.50883
5.32672 2.65421
5.36759 11.4388
5.37385 10.2788
5.41626 8.04178
5.46486 10.4097
5.46938 3.25441
5.47125 6.57474
5.47611 6.50073
5.48176 0.402785
5.52233 -0.982374
5.53256 2.62786
5.6047 9.426
5.62018 4.26857
5.62974 5.0231
5.64247 7.02102
5.64796 14.6367
5.65685 13.7087
5.65774 15.9205
5.66304 5.6455
5.66807 1.36523
5.68992 -0.520622
5.70657 0.714175
5.77431 0.469557
5.78198 7.55963
5.81278 2.26098
5.82529 -5.51355
5.86901 6.75235
5.88467 7.34262
5.88818 7.17793
5.90524 2.62884
5.91017 3.20456
5.91024 4.24032
5.91615 11.3337
5.94802 14.6793
5.95585 9.24657
5.95782 8.97228
5.97486 -1.1903
6.00608 3.25523
6.00886 7.60614
6.01184 0.0899169
6.03439 0.0173148
6.04259 14.777
6.0686 11.7525
6.11977 2.4005
6.15304 8.04694
6.16629 3.71872
6.19201 16.1122
6.23198 6.56063
6.23362 5.89631
6.26867 -0.718555
6.28798 12.4081
6.3402 13.0281
6.34821 -3.97088
6.46995 4.56157
6.48757 2.39353
6.51203 1.97113
6.54698 3.32737
6.55652 2.69171
6.5832 19.4318
6.73772 10.7343
6.7712 4.0581
6.80554 -4.3128
6.86057 6.45876
6.87239 3.34855
6.87663 5.11887
6.94868 13.4906
6.95386 14.1574
6.97944 4.80719
6.98761 5.2169
7.02457 6.69145
7.04608 -4.0257
7.06664 5.32491
7.09965 1.03314
7.23922 11.9495
7.26015 17.0193
7.30613 8.90348
7.41575 -0.389743
7.42735 6.2245
7.42989 5.24335
7.45543 1.75933
7.51586 2.76969
7.54147 1.38804
7.59917 4.041
7.60636 -0.516302
7.67948 1.45493
7.71634 3.33247
7.71885 2.12035
7.7656 5.22113
7.77656 5.79738
7.79286 4.1562
7.79296 3.11732
7.81069 1.82602
7.82531 3.53167
7.83978 3.30723
7.84525 -4.20678
7.8549 6.51654
7.86825 6.30683
7.88261 17.6774
7.90347 -5.38635
7.93014 -0.0303007
7.9329 10.1028
7.94046 1.46488
7.94562 7.18466
7.98177 8.8288
7.98352 -5.40937
8.01972 9.47814
8.03832 15.7393
8.05443 0.649858
8.12562 0.721921
8.15493 7.38468
8.24622 -2.13638
8.28939 7.84233
8.39927 3.98318
8.44618 2.32136
8.45889 3.91511
8.47825 4.32616
8.53896 3.71971
8.54022 3.22315
8.60172 0.487943
8.61027 4.29924
8.62134 -0.591787
8.64837 3.66483
8.65058 12.4568
8.67748 -2.06534
8.72602 3.57929
8.82271 6.01328
8.85942 10.303
8.90479 13.2032
8.9052 3.98951
8.9543 7.81295
8.96594 -1.54103
9.02044 3.52915
9.07997 10.9198
9.12826 1.49989
9.17313 8.68006
9.21926 2.27468
9.24092 9.76683
9.36643 5.60198
9.40326 3.05462
9.41361 5.03766
9.42363 5.30384
9.43556 7.54769
9.4402 6.40326
9.54648 10.3963
9.58658 6.05594
9.59561 -0.141587
9.61392 1.37367
9.63019 8.8534
9.66234 4.13001
9.67515 6.35489
9.70527 14.3843
9.7315 4.48004
9.75614 9.94405
9.81038 17.6413
9.83496 -0.178794
9.83816 6.38392
9.88316 7.98581
9.88742 9.27808
9.89453 5.53978
9.95181 8.65036
9.97157 9.7543
10.043 5.44174
10.1195 7.603
10.1366 2.55545
10.15 1.4317
10.2394 3.47956
10.2523 7.66358
10.2584 5.50441
10.2995 10.7416
10.367 4.73093
10.3706 2.75219
10.3804 7.36033
10.3937 11.0388
10.3953 4.62881
10.4035 10.4139
10.4689 -3.71413
10.4691 1.82978
10.4711 11.1093
10.5008 4.59332
10.5047 7.22314
10.5426 0.177169
10.5534 1.29742
10.5571 2.71572
10.5596 5.80224
10.6766 7.06735
10.7454 5.08489
10.7525 3.27787
10.7858 11.8104
10.8455 6.48039
10.9023 3.35289
11.0254 4.467
11.1128 3.46782
11.1613 9.4578
11.1672 2.0027
11.1844 13.214
11.2505 8.59293
11.3142 14.2505
11.323 12.5045
11.3339 9.40295
11.4486 -0.667712
11.4532 3.224
11.5178 9.32052
11.5346 7.06639
11.5562 5.46081
11.6877 5.52152
11.716 5.05871
11.7297 9.17297
11.745 2.90378
11.7776 8.28496
11.8336 3.1832
11.8553 6.06432
11.8687 4.50521
11.9827 -1.02596
12.0235 2.9772
12.0317 -0.798529
12.1488 8.15346
12.1731 11.7639
12.2488 2.47005
12.2654 2.78895
12.3335 0.891638
12.4991 2.35491
12.5341 7.67469
12.7309 1.01234
12.8501 3.05046
13.003 -5.98961
13.0374 5.93641
13.0816 5.10602
13.0836 -0.411023
13.0913 5.04037
13.2006 14.1682
13.2713 9.98586
13.2977 10.7433
13.3106 7.84128
13.5187 -1.32613
13.8581 -3.81026
13.9645 9.07514
14.1534 6.95353
14.6427 13.6091
14.9145 -0.867972
14.9485 3.51479
15.5363 6.93679
15.5723 7.20302
15.9661 1.51233
16.5384 -3.69717
17.0962 10.6405
17.5053 -3.74186
17.5935 4.93996
17.6485 4.02144
18.2517 3.48706
18.3215 3.4184
18.4643 11.2229
19.8529 7.81595
1489
-9.2153 3.03601 -5.29477 13.3628
-9.2153 3.03601 -5.35056 -4.62699
-9.2153 3.03601 -4.74564 -10.0865
-9.2153 3.03601 -6.3752 2.39386
-9.2153 3.03601 -5.4711 -4.03424
-9.2153 3.03601 -7.39118 5.29269
-9.2153 3.03601 -7.48428 4.69783
-9.2153 3.03601 -7.72046 3.88859
-7.72046 3.88859 -5.47719 3.1857
-7.72046 3.88859 -6.3752 2.39386
-7.72046 3.88859 -7.48428 4.69783
-7.48428 4.69783 -5.47719 3.1857
-7.48428 4.69783 -7.39118 5.29269
-7.39118 5.29269 -5.29477 13.3628
-7.39118 5.29269 -4.66535 8.86275
-7.39118 5.29269 -5.27975 7.22393
-7.39118 5.29269 -4.14219 4.74425
-7.39118 5.29269 -5.47719 3.1857
-6.3752 2.39386 -4.24491 0.577121
-6.3752 2.39386 -5.43835 2.16682
-6.3752 2.39386 -5.4711 -4.03424
-6.3752 2.39386 -5.47719 3.1857
-5.47719 3.1857 -3.89053 4.43336
-5.47719 3.1857 -3.70003 3.73863
-5.47719 3.1857 -4.14219 4.74425
-5.47719 3.1857 -5.43835 2.16682
-5.4711 -4.03424 -3.82467 -0.798969
-5.4711 -4.03424 -3.19855 -2.55667
-5.4711 -4.03424 -4.24491 0.577121
-5.4711 -4.03424 -5.35056 -4.62699
-5.43835 2.16682 -2.62415 1.70402
-5.43835 2.16682 -3.70003 3.73863
-5.43835 2.16682 -3.2648 3.37339
-5.43835 2.16682 -4.24491 0.577121
-5.35056 -4.62699 -2.04186 -5.203
-5.35056 -4.62699 -2.32131 -7.44135
-5.35056 -4.62699 -3.19855 -2.55667
-5.35056 -4.62699 -4.74564 -10.0865
-5.29477 13.3628 5.12319 23.0466
-5.29477 13.3628 0.0611709 16.6167
-5.29477 13.3628 -3.00629 13.7192
-5.29477 13.3628 -3.41431 12.2087
-5.29477 13.3628 -3.58374 12.0422
-5.29477 13.3628 -4.66535 8.86275
-5.27975 7.22393 -3.62428 7.00268
-5.27975 7.22393 -4.66535 8.86275
-5.27975 7.22393 -4.4933 8.26398
-5.27975 7.22393 -4.14219 4.74425
-4.74564 -10.0865 13.003 -5.98961
-4.74564 -10.0865 4.18021 -7.88795
-4.74564 -10.0865 -2.32131 -7.44135
-4.66535 8.86275 -3.58374 12.0422
-4.66535 8.86275 -3.49296 9.0867
-4.66535 8.86275 -3.6856 8.43765
-4.66535 8.86275 -4.4933 8.26398
-4.4933 8.26398 -3.6856 8.43765
-4.4933 8.26398 -3.28927 7.61987
-4.4933 8.26398 -3.62428 7.00268
-4.24491 0.577121 -2.62415 1.70402
-4.24491 0.577121 -3.33306 0.550464
-4.24491 0.577121 -3.33952 -0.419206
-4.24491 0.577121 -3.82467 -0.798969
-4.14219 4.74425 -3.62428 7.00268
-4.14219 4.74425 -3.45703 5.24065
-4.14219 4.74425 -3.89053 4.43336
-3.89053 4.43336 -3.01482 4.58302
-3.89053 4.43336 -3.45703 5.24065
-3.89053 4.43336 -3.70003 3.73863
-3.82467 -0.798969 -2.92949 -1.87442
-3.82467 -0.798969 -3.33952 -0.419206
-3.82467 -0.798969 -3.19855 -2.55667
-3.70003 3.73863 -2.7354 3.84292
-3.70003 3.73863 -3.01482 4.58302
-3.70003 3.73863 -3.2648 3.37339
-3.6856 8.43765 -2.34297 8.88178
-3.6856 8.43765 -2.63064 7.60141
-3.6856 8.43765 -3.39827 9.05922
-3.6856 8.43765 -3.28927 7.61987
-3.6856 8.43765 -3.49296 9.0867
-3.62428 7.00268 -3.00579 6.8915
-3.62428 7.00268 -2.83122 6.28226
-3.62428 7.00268 -3.28927 7.61987
-3.62428 7.00268 -3.45703 5.24065
-3.58374 12.0422 -2.36673 10.7798
-3.58374 12.0422 -2.7482 10.0462
-3.58374 12.0422 -3.41431 12.2087
-3.58374 12.0422 -3.49296 9.0867
-3.49296 9.0867 -2.7482 10.0462
-3.49296 9.0867 -3.39827 9.05922
-3.45703 5.24065 -2.83122 6.28226
-3.45703 5.24065 -2.70475 5.45844
-3.45703 5.24065 -3.01482 4.58302
-3.41431 12.2087 -3.00629 13.7192
-3.41431 12.2087 -2.2204 13.2074
-3.41431 12.2087 -1.72064 12.8169
-3.41431 12.2087 -2.36673 10.7798
-3.39827 9.05922 -2.7482 10.0462
-3.39827 9.05922 -2.61559 9.71857
-3.39827 9.05922 -2.34297 8.88178
-3.33952 -0.419206 -2.25665 0.624204
-3.33952 -0.419206 -1.69721 0.564147
-3.33952 -0.419206 -2.79468 -1.87931
-3.33952 -0.419206 -2.92949 -1.87442
-3.33952 -0.419206 -3.33306 0.550464
-3.33306 0.550464 -2.62415 1.70402
-3.33306 0.550464 -2.77174 0.936154
-3.33306 0.550464 -2.25665 0.624204
-3.28927 7.61987 -2.63064 7.60141
-3.28927 7.61987 -3.00579 6.8915
-3.2648 3.37339 -2.7354 3.84292
-3.2648 3.37339 -2.00198 3.1562
-3.2648 3.37339 -2.62415 1.70402
-3.19855 -2.55667 -0.588607 -2.07385
-3.19855 -2.55667 -2.92949 -1.87442
-3.19855 -2.55667 -2.79468 -1.87931
-3.19855 -2.55667 -1.46866 -4.49736
-3.19855 -2.55667 -2.04186 -5.203
-3.01482 4.58302 -2.70475 5.45844
-3.01482 4.58302 -1.34671 4.99544
-3.01482 4.58302 -2.7354 3.84292
-3.00629 13.7192 0.0611709 16.6167
-3.00629 13.7192 -1.38417 13.6138
-3.00629 13.7192 -2.2204 13.2074
-3.00579 6.8915 -2.63064 7.60141
-3.00579 6.8915 -2.36456 6.3418
-3.00579 6.8915 -2.83122 6.28226
-2.92949 -1.87442 -2.79468 -1.87931
-2.83122 6.28226 -2.36456 6.3418
-2.83122 6.28226 -2.70475 5.45844
-2.79468 -1.87931 -0.619723 -0.919614
-2.79468 -1.87931 -0.588607 -2.07385
-2.79468 -1.87931 -1.69721 0.564147
-2.77174 0.936154 -2.25665 0.624204
-2.77174 0.936154 -2.62415 1.70402
-2.7482 10.0462 -2.00374 10.0246
-2.7482 10.0462 -2.36673 10.7798
-2.7482 10.0462 -2.61559 9.71857
-2.7354 3.84292 -1.12742 4.51153
-2.7354 3.84292 -1.34671 4.99544
-2.7354 3.84292 -1.40399 3.53577
-2.7354 3.84292 -2.00198 3.1562
-2.70475 5.45844 -1.6466 6.34825
-2.70475 5.45844 -1.34671 4.99544
-2.70475 5.45844 -2.36456 6.3418
-2.63064 7.60141 -1.05481 7.87414
-2.63064 7.60141 -1.6466 6.34825
-2.63064 7.60141 -2.34297 8.88178
-2.63064 7.60141 -2.36456 6.3418
-2.62415 1.70402 -0.981584 1.3062
-2.62415 1.70402 -2.00198 3.1562
-2.62415 1.70402 -1.53851 2.81788
-2.62415 1.70402 -1.69721 0.564147
-2.62415 1.70402 -2.25665 0.624204
-2.61559 9.71857 -2.00374 10.0246
-2.61559 9.71857 -1.58906 9.75337
-2.61559 9.71857 -2.34297 8.88178
-2.36673 10.7798 -1.72064 12.8169
-2.36673 10.7798 -1.2051 10.6864
-2.36673 10.7798 -2.00374 10.0246
-2.36456 6.3418 -1.6466 6.34825
-2.34297 8.88178 -0.649995 8.87393
-2.34297 8.88178 -1.05481 7.87414
-2.34297 8.88178 -1.58906 9.75337
-2.32131 -7.44135 3.50135 -5.36554
-2.32131 -7.44135 4.18021 -7.88795
-2.32131 -7.44135 -1.11927 -4.51874
-2.32131 -7.44135 -2.04186 -5.203
-2.25665 0.624204 -1.69721 0.564147
-2.2204 13.2074 -1.38417 13.6138
-2.2204 13.2074 -1.72064 12.8169
-2.04186 -5.203 -1.11927 -4.51874
-2.04186 -5.203 -1.46866 -4.49736
-2.00374 10.0246 -1.2051 10.6864
-2.00374 10.0246 -1.58906 9.75337
-2.00198 3.1562 -1.40399 3.53577
-2.00198 3.1562 -1.53851 2.81788
-1.72064 12.8169 -1.03664 13.5075
-1.72064 12.8169 -0.690682 12.1749
-1.72064 12.8169 -1.38417 13.6138
-1.72064 12.8169 -1.2051 10.6864
-1.69721 0.564147 -0.981584 1.3062
-1.69721 0.564147 -0.749598 0.340286
-1.69721 0.564147 -0.619723 -0.919614
-1.6466 6.34825 -1.05481 7.87414
-1.6466 6.34825 -0.746604 7.32995
-1.6466 6.34825 -0.233913 6.97399
-1.6466 6.34825 0.38026 5.54018
-1.6466 6.34825 -1.34671 4.99544
-1.58906 9.75337 -0.24619 9.19912
-1.58906 9.75337 -0.649995 8.87393
-1.58906 9.75337 -1.2051 10.6864
-1.53851 2.81788 -0.837939 2.65552
-1.53851 2.81788 -0.920066 2.58158
-1.53851 2.81788 -0.683396 1.98965
-1.53851 2.81788 -0.981584 1.3062
-1.53851 2.81788 -1.40399 3.53577
-1.46866 -4.49736 -0.588607 -2.07385
-1.46866 -4.49736 -1.11927 -4.51874
-1.40399 3.53577 -1.12742 4.51153
-1.40399 3.53577 -0.162986 3.15981
-1.40399 3.53577 -0.837939 2.65552
-1.38417 13.6138 0.0611709 16.6167
-1.38417 13.6138 -1.03664 13.5075
-1.34671 4.99544 0.38026 5.54018
-1.34671 4.99544 -1.16766 4.7878
-1.34671 4.99544 -1.12742 4.51153
-1.2051 10.6864 -0.690682 12.1749
-1.2051 10.6864 -0.385907 10.9138
-1.2051 10.6864 -0.24619 9.19912
-1.16766 4.7878 0.38026 5.54018
-1.16766 4.7878 0.379833 4.96225
-1.16766 4.7878 -1.07678 4.60774
-1.16766 4.7878 -1.12742 4.51153
-1.12742 4.51153 0.572398 3.79465
-1.12742 4.51153 -0.0934259 3.19001
-1.12742 4.51153 -0.162986 3.15981
-1.12742 4.51153 -1.07678 4.60774
-1.11927 -4.51874 1.87922 -3.09267
-1.11927 -4.51874 1.99391 -3.51897
-1.11927 -4.51874 2.17598 -4.14073
-1.11927 -4.51874 3.50135 -5.36554
-1.11927 -4.51874 -0.588607 -2.07385
-1.07678 4.60774 0.572398 3.79465
-1.07678 4.60774 0.379833 4.96225
-1.05481 7.87414 -0.649995 8.87393
-1.05481 7.87414 -0.650258 8.24141
-1.05481 7.87414 -0.746604 7.32995
-1.03664 13.5075 2.11349 14.1347
-1.03664 13.5075 0.626067 12.8191
-1.03664 13.5075 0.0611709 16.6167
-1.03664 13.5075 0.274265 12.6687
-1.03664 13.5075 -0.690682 12.1749
-0.981584 1.3062 -0.0735779 0.636697
-0.981584 1.3062 -0.683396 1.98965
-0.981584 1.3062 -0.749598 0.340286
-0.920066 2.58158 -0.837939 2.65552
-0.920066 2.58158 -0.683396 1.98965
-0.837939 2.65552 -0.162986 3.15981
-0.837939 2.65552 -0.683396 1.98965
-0.749598 0.340286 -0.0735779 0.636697
-0.749598 0.340286 0.299815 -0.2492
-0.749598 0.340286 -0.619723 -0.919614
-0.746604 7.32995 -0.296979 7.26486
-0.746604 7.32995 -0.233913 6.97399
-0.746604 7.32995 -0.650258 8.24141
-0.690682 12.1749 0.274265 12.6687
-0.690682 12.1749 -0.385907 10.9138
-0.683396 1.98965 0.478994 1.85397
-0.683396 1.98965 -0.162986 3.15981
-0.683396 1.98965 -0.0735779 0.636697
-0.650258 8.24141 -0.177417 8.64863
-0.650258 8.24141 0.15181 8.08684
-0.650258 8.24141 -0.296979 7.26486
-0.650258 8.24141 -0.649995 8.87393
-0.649995 8.87393 -0.24619 9.19912
-0.649995 8.87393 -0.177417 8.64863
-0.619723 -0.919614 0.299815 -0.2492
-0.619723 -0.919614 -0.588607 -2.07385
-0.588607 -2.07385 1.87922 -3.09267
-0.588607 -2.07385 1.32168 -0.47424
-0.588607 -2.07385 0.299815 -0.2492
-0.385907 10.9138 2.17463 11.637
-0.385907 10.9138 1.76571 10.0004
-0.385907 10.9138 0.891364 12.6216
-0.385907 10.9138 1.0101 9.15027
-0.385907 10.9138 0.274265 12.6687
-0.385907 10.9138 -0.24619 9.19912
-0.296979 7.26486 0.386739 7.07979
-0.296979 7.26486 0.15181 8.08684
-0.296979 7.26486 -0.233913 6.97399
-0.24619 9.19912 1.0101 9.15027
-0.24619 9.19912 -0.177417 8.64863
-0.233913 6.97399 0.386739 7.07979
-0.233913 6.97399 0.38026 5.54018
-0.177417 8.64863 1.0101 9.15027
-0.177417 8.64863 0.846179 8.50583
-0.177417 8.64863 0.15181 8.08684
-0.162986 3.15981 0.80963 2.52727
-0.162986 3.15981 0.478994 1.85397
-0.162986 3.15981 -0.0934259 3.19001
-0.0934259 3.19001 0.572398 3.79465
-0.0934259 3.19001 0.707259 3.12743
-0.0934259 3.19001 0.80963 2.52727
-0.0735779 0.636697 0.478994 1.85397
-0.0735779 0.636697 0.778097 1.4317
-0.0735779 0.636697 1.09789 0.709828
-0.0735779 0.636697 0.299815 -0.2492
0.0611709 16.6167 5.12319 23.0466
0.0611709 16.6167 3.63734 17.7765
0.0611709 16.6167 2.42163 16.5996
0.0611709 16.6167 2.11349 14.1347
0.15181 8.08684 0.846179 8.50583
0.15181 8.08684 0.592045 7.92378
0.15181 8.08684 0.386739 7.07979
0.274265 12.6687 0.626067 12.8191
0.274265 12.6687 0.891364 12.6216
0.299815 -0.2492 1.09789 0.709828
0.299815 -0.2492 1.3034 -0.258315
0.299815 -0.2492 1.32168 -0.47424
0.379833 4.96225 0.491691 5.12334
0.379833 4.96225 0.6246 4.82478
0.379833 4.96225 0.719673 4.67226
0.379833 4.96225 0.572398 3.79465
0.379833 4.96225 0.38026 5.54018
0.38026 5.54018 1.46789 5.75743
0.38026 5.54018 0.386739 7.07979
0.38026 5.54018 0.615797 5.4166
0.38026 5.54018 0.491691 5.12334
0.386739 7.07979 1.90275 7.26656
0.386739 7.07979 1.46789 5.75743
0.386739 7.07979 0.805146 7.54683
0.386739 7.07979 0.592045 7.92378
0.478994 1.85397 1.22763 2.14685
0.478994 1.85397 0.972771 1.72136
0.478994 1.85397 0.80963 2.52727
0.478994 1.85397 0.778097 1.4317
0.491691 5.12334 1.03071 5.1151
0.491691 5.12334 0.615797 5.4166
0.491691 5.12334 0.6246 4.82478
0.572398 3.79465 0.960939 3.86818
0.572398 3.79465 0.719673 4.67226
0.572398 3.79465 0.88154 4.02862
0.572398 3.79465 0.804571 3.90434
0.572398 3.79465 0.707259 3.12743
0.592045 7.92378 1.06456 8.11159
0.592045 7.92378 0.846179 8.50583
0.592045 7.92378 0.805146 7.54683
0.615797 5.4166 1.46789 5.75743
0.615797 5.4166 1.03071 5.1151
0.6246 4.82478 1.03071 5.1151
0.6246 4.82478 0.719673 4.67226
0.626067 12.8191 2.11349 14.1347
0.626067 12.8191 1.90514 13.3484
0.626067 12.8191 0.891364 12.6216
0.707259 3.12743 0.960939 3.86818
0.707259 3.12743 1.23966 3.18494
0.707259 3.12743 0.80963 2.52727
0.719673 4.67226 1.03071 5.1151
0.719673 4.67226 0.88203 4.57888
0.719673 4.67226 0.88154 4.02862
0.778097 1.4317 1.39793 1.35979
0.778097 1.4317 0.972771 1.72136
0.778097 1.4317 1.09789 0.709828
0.804571 3.90434 0.904455 3.89256
0.804571 3.90434 0.960939 3.86818
0.804571 3.90434 0.88154 4.02862
0.805146 7.54683 1.64486 7.961
0.805146 7.54683 1.87067 7.67851
0.805146 7.54683 1.90275 7.26656
0.805146 7.54683 1.06456 8.11159
0.80963 2.52727 1.23966 3.18494
0.80963 2.52727 1.22763 2.14685
0.846179 8.50583 1.96791 9.22946
0.846179 8.50583 1.64486 7.961
0.846179 8.50583 1.0101 9.15027
0.846179 8.50583 1.06456 8.11159
0.88154 4.02862 0.88203 4.57888
0.88154 4.02862 1.19877 4.17311
0.88154 4.02862 0.960939 3.86818
0.88154 4.02862 0.904455 3.89256
0.88203 4.57888 1.736 4.3863
0.88203 4.57888 1.19877 4.17311
0.88203 4.57888 1.03071 5.1151
0.891364 12.6216 1.90514 13.3484
0.891364 12.6216 2.12637 12.5143
0.891364 12.6216 2.17463 11.637
0.904455 3.89256 0.960939 3.86818
0.960939 3.86818 1.79625 3.71149
0.960939 3.86818 1.19877 4.17311
0.960939 3.86818 1.23966 3.18494
0.972771 1.72136 1.39793 1.35979
0.972771 1.72136 1.22763 2.14685
0.972771 1.72136 1.35581 2.07931
1.0101 9.15027 1.76571 10.0004
1.0101 9.15027 1.96791 9.22946
1.03071 5.1151 1.46789 5.75743
1.03071 5.1151 1.83088 5.48924
1.03071 5.1151 1.736 4.3863
1.06456 8.11159 1.64486 7.961
1.09789 0.709828 1.39793 1.35979
1.09789 0.709828 1.41096 0.719209
1.09789 0.709828 1.3034 -0.258315
1.19877 4.17311 1.736 4.3863
1.19877 4.17311 1.79625 3.71149
1.22763 2.14685 1.49514 2.11726
1.22763 2.14685 1.35581 2.07931
1.22763 2.14685 1.23966 3.18494
1.23966 3.18494 1.79625 3.71149
1.23966 3.18494 2.05106 3.40308
1.23966 3.18494 2.02964 2.55676
1.23966 3.18494 1.49514 2.11726
1.3034 -0.258315 1.41096 0.719209
1.3034 -0.258315 1.92474 -0.0604798
1.3034 -0.258315 1.32168 -0.47424
1.32168 -0.47424 1.92474 -0.0604798
1.32168 -0.47424 2.10164 -0.444864
1.32168 -0.47424 2.58229 -1.2982
1.32168 -0.47424 1.87922 -3.09267
1.35581 2.07931 1.49514 2.11726
1.35581 2.07931 1.39793 1.35979
1.39793 1.35979 2.51219 1.14748
1.39793 1.35979 1.49514 2.11726
1.39793 1.35979 1.41096 0.719209
1.41096 0.719209 2.51219 1.14748
1.41096 0.719209 1.92474 -0.0604798
1.46789 5.75743 2.87486 6.35372
1.46789 5.75743 2.49302 7.11815
1.46789 5.75743 1.90275 7.26656
1.46789 5.75743 1.83088 5.48924
1.49514 2.11726 2.51219 1.14748
1.49514 2.11726 2.02964 2.55676
1.64486 7.961 2.5134 9.1488
1.64486 7.961 1.96791 9.22946
1.64486 7.961 1.87067 7.67851
1.736 4.3863 2.55603 4.62297
1.736 4.3863 2.03905 5.42927
1.736 4.3863 2.46981 5.10544
1.736 4.3863 2.28605 3.82006
1.736 4.3863 1.83088 5.48924
1.736 4.3863 1.79625 3.71149
1.76571 10.0004 2.87698 10.2842
1.76571 10.0004 2.5134 9.1488
1.76571 10.0004 2.17463 11.637
1.76571 10.0004 1.96791 9.22946
1.79625 3.71149 2.28605 3.82006
1.79625 3.71149 2.05106 3.40308
1.83088 5.48924 2.87486 6.35372
1.83088 5.48924 2.03905 5.42927
1.87067 7.67851 2.5134 9.1488
1.87067 7.67851 3.11931 7.88874
1.87067 7.67851 2.49302 7.11815
1.87067 7.67851 1.90275 7.26656
1.87922 -3.09267 4.00506 -2.29537
1.87922 -3.09267 2.58229 -1.2982
1.87922 -3.09267 3.03561 -1.78446
1.87922 -3.09267 1.99391 -3.51897
1.90275 7.26656 2.49302 7.11815
1.90514 13.3484 3.02495 13.2283
1.90514 13.3484 2.11349 14.1347
1.90514 13.3484 2.29198 14.1628
1.90514 13.3484 2.12637 12.5143
1.92474 -0.0604798 2.51219 1.14748
1.92474 -0.0604798 3.31479 0.753103
1.92474 -0.0604798 2.10164 -0.444864
1.96791 9.22946 2.5134 9.1488
1.99391 -3.51897 4.00506 -2.29537
1.99391 -3.51897 3.47822 -4.33792
1.99391 -3.51897 2.17598 -4.14073
2.02964 2.55676 2.96384 2.6191
2.02964 2.55676 2.91319 1.28482
2.02964 2.55676 2.51219 1.14748
2.02964 2.55676 2.05106 3.40308
2.03905 5.42927 2.87486 6.35372
2.03905 5.42927 2.42823 5.42283
2.03905 5.42927 2.46981 5.10544
2.05106 3.40308 3.00379 3.42388
2.05106 3.40308 2.96384 2.6191
2.05106 3.40308 2.28605 3.82006
2.05106 3.40308 2.48176 3.7409
2.10164 -0.444864 4.04469 0.0637735
2.10164 -0.444864 3.56247 -1.11198
2.10164 -0.444864 3.31479 0.753103
2.10164 -0.444864 2.58229 -1.2982
2.11349 14.1347 2.42163 16.5996
2.11349 14.1347 2.29198 14.1628
2.12637 12.5143 3.02495 13.2283
2.12637 12.5143 2.37389 12.0616
2.12637 12.5143 2.17463 11.637
2.17463 11.637 2.73409 11.6656
2.17463 11.637 2.87698 10.2842
2.17463 11.637 2.37389 12.0616
2.17598 -4.14073 3.47822 -4.33792
2.17598 -4.14073 3.50135 -5.36554
2.28605 3.82006 2.55603 4.62297
2.28605 3.82006 2.73146 3.92147
2.28605 3.82006 2.48176 3.7409
2.29198 14.1628 3.18441 14.1709
2.29198 14.1628 3.02495 13.2283
2.29198 14.1628 2.42163 16.5996
2.37389 12.0616 3.02495 13.2283
2.37389 12.0616 3.40234 12.1022
2.37389 12.0616 2.73409 11.6656
2.42163 16.5996 5.65774 15.9205
2.42163 16.5996 3.63734 17.7765
2.42163 16.5996 3.18441 14.1709
2.42823 5.42283 2.87486 6.35372
2.42823 5.42283 2.94815 5.29447
2.42823 5.42283 2.46981 5.10544
2.46981 5.10544 2.94815 5.29447
2.46981 5.10544 2.86207 4.57527
2.46981 5.10544 2.55603 4.62297
2.48176 3.7409 2.73146 3.92147
2.48176 3.7409 3.06595 3.59709
2.48176 3.7409 3.00379 3.42388
2.49302 7.11815 3.11931 7.88874
2.49302 7.11815 3.1226 7.30104
2.49302 7.11815 2.87486 6.35372
2.51219 1.14748 3.31479 0.753103
2.51219 1.14748 2.91319 1.28482
2.5134 9.1488 3.67653 9.51513
2.5134 9.1488 3.64158 8.60177
2.5134 9.1488 3.11931 7.88874
2.5134 9.1488 2.87698 10.2842
2.55603 4.62297 2.86207 4.57527
2.55603 4.62297 2.73146 3.92147
2.58229 -1.2982 3.56247 -1.11198
2.58229 -1.2982 3.23273 -1.35613
2.58229 -1.2982 3.03561 -1.78446
2.73146 3.92147 3.06595 3.59709
2.73146 3.92147 2.86207 4.57527
2.73409 11.6656 3.40234 12.1022
2.73409 11.6656 3.52684 11.5611
2.73409 11.6656 2.87698 10.2842
2.86207 4.57527 3.74196 5.13791
2.86207 4.57527 4.04983 4.89482
2.86207 4.57527 3.92717 3.95567
2.86207 4.57527 2.94815 5.29447
2.86207 4.57527 3.06595 3.59709
2.87486 6.35372 3.74463 6.45219
2.87486 6.35372 3.1226 7.30104
2.87486 6.35372 3.49757 6.62106
2.87486 6.35372 3.29333 5.49417
2.87486 6.35372 2.94815 5.29447
2.87698 10.2842 3.63131 10.3322
2.87698 10.2842 3.67653 9.51513
2.87698 10.2842 3.52684 11.5611
2.91319 1.28482 4.03732 2.6329
2.91319 1.28482 4.51659 1.50882
2.91319 1.28482 3.39209 0.870952
2.91319 1.28482 3.31479 0.753103
2.91319 1.28482 2.96384 2.6191
2.94815 5.29447 3.74196 5.13791
2.94815 5.29447 3.29333 5.49417
2.96384 2.6191 4.03732 2.6329
2.96384 2.6191 3.09654 3.29818
2.96384 2.6191 3.00379 3.42388
3.00379 3.42388 3.09654 3.29818
3.00379 3.42388 3.06595 3.59709
3.02495 13.2283 4.44244 13.7594
3.02495 13.2283 4.20556 12.6993
3.02495 13.2283 3.18441 14.1709
3.02495 13.2283 3.40234 12.1022
3.03561 -1.78446 3.8743 -1.79407
3.03561 -1.78446 4.00506 -2.29537
3.03561 -1.78446 3.23273 -1.35613
3.06595 3.59709 3.92717 3.95567
3.06595 3.59709 3.96173 3.36932
3.06595 3.59709 3.09654 3.29818
3.09654 3.29818 3.96173 3.36932
3.09654 3.29818 4.03732 2.6329
3.11931 7.88874 3.64158 8.60177
3.11931 7.88874 3.33463 7.83407
3.11931 7.88874 3.1226 7.30104
3.1226 7.30104 3.42948 7.38548
3.1226 7.30104 3.49757 6.62106
3.1226 7.30104 3.33463 7.83407
3.18441 14.1709 5.65774 15.9205
3.18441 14.1709 4.44244 13.7594
3.23273 -1.35613 3.56247 -1.11198
3.23273 -1.35613 3.8743 -1.79407
3.29333 5.49417 3.74463 6.45219
3.29333 5.49417 4.11156 6.28178
3.29333 5.49417 3.74196 5.13791
3.31479 0.753103 4.04469 0.0637735
3.31479 0.753103 3.39209 0.870952
3.33463 7.83407 3.64158 8.60177
3.33463 7.83407 3.60828 7.78516
3.33463 7.83407 3.42948 7.38548
3.39209 0.870952 4.51659 1.50882
3.39209 0.870952 4.69016 1.19618
3.39209 0.870952 4.04469 0.0637735
3.40234 12.1022 4.20556 12.6993
3.40234 12.1022 4.72686 11.9825
3.40234 12.1022 3.52684 11.5611
3.42948 7.38548 3.60828 7.78516
3.42948 7.38548 4.09768 7.19519
3.42948 7.38548 3.49757 6.62106
3.47822 -4.33792 4.00506 -2.29537
3.47822 -4.33792 4.61516 -3.20948
3.47822 -4.33792 4.56053 -4.63372
3.47822 -4.33792 3.50135 -5.36554
3.49757 6.62106 4.09768 7.19519
3.49757 6.62106 3.74463 6.45219
3.50135 -5.36554 5.82529 -5.51355
3.50135 -5.36554 4.56053 -4.63372
3.50135 -5.36554 4.18021 -7.88795
3.52684 11.5611 4.72686 11.9825
3.52684 11.5611 4.4697 11.3156
3.52684 11.5611 3.63131 10.3322
3.56247 -1.11198 4.5441 -1.0388
3.56247 -1.11198 4.04469 0.0637735
3.56247 -1.11198 3.8743 -1.79407
3.60828 7.78516 4.1804 7.88044
3.60828 7.78516 4.09768 7.19519
3.60828 7.78516 3.64158 8.60177
3.63131 10.3322 4.92559 10.3843
3.63131 10.3322 4.79771 9.83353
3.63131 10.3322 4.4697 11.3156
3.63131 10.3322 4.13378 9.3993
3.63131 10.3322 3.7191 9.5202
3.63131 10.3322 3.67653 9.51513
3.63734 17.7765 6.5832 19.4318
3.63734 17.7765 6.19201 16.1122
3.63734 17.7765 5.65774 15.9205
3.63734 17.7765 5.12319 23.0466
3.64158 8.60177 4.13378 9.3993
3.64158 8.60177 4.38578 8.80727
3.64158 8.60177 4.26212 8.57356
3.64158 8.60177 4.1804 7.88044
3.64158 8.60177 3.7191 9.5202
3.64158 8.60177 3.67653 9.51513
3.67653 9.51513 3.7191 9.5202
3.7191 9.5202 4.13378 9.3993
3.74196 5.13791 4.11156 6.28178
3.74196 5.13791 4.04983 4.89482
3.74463 6.45219 4.09768 7.19519
3.74463 6.45219 4.26894 6.68757
3.74463 6.45219 4.11156 6.28178
3.8743 -1.79407 4.5441 -1.0388
3.8743 -1.79407 4.00506 -2.29537
3.92717 3.95567 4.65157 4.47053
3.92717 3.95567 4.87975 4.09349
3.92717 3.95567 4.57395 3.57876
3.92717 3.95567 4.04983 4.89482
3.92717 3.95567 3.96173 3.36932
3.96173 3.36932 4.57395 3.57876
3.96173 3.36932 4.03732 2.6329
4.00506 -2.29537 5.52233 -0.982374
4.00506 -2.29537 4.61516 -3.20948
4.00506 -2.29537 4.5441 -1.0388
4.03732 2.6329 4.57395 3.57876
4.03732 2.6329 5.09843 2.3634
4.03732 2.6329 4.62477 2.0085
4.03732 2.6329 4.51659 1.50882
4.04469 0.0637735 5.48176 0.402785
4.04469 0.0637735 4.69016 1.19618
4.04469 0.0637735 5.04711 -0.501421
4.04469 0.0637735 4.5441 -1.0388
4.04983 4.89482 5.03632 5.87062
4.04983 4.89482 4.90278 4.85509
4.04983 4.89482 4.65157 4.47053
4.04983 4.89482 4.11156 6.28178
4.09768 7.19519 4.51874 7.28847
4.09768 7.19519 4.1804 7.88044
4.09768 7.19519 4.26894 6.68757
4.11156 6.28178 4.78079 6.26963
4.11156 6.28178 5.03632 5.87062
4.11156 6.28178 4.26894 6.68757
4.13378 9.3993 4.79771 9.83353
4.13378 9.3993 4.70089 9.55896
4.13378 9.3993 4.67702 8.99568
4.13378 9.3993 4.38578 8.80727
4.18021 -7.88795 5.82529 -5.51355
4.18021 -7.88795 7.90347 -5.38635
4.18021 -7.88795 7.98352 -5.40937
4.18021 -7.88795 13.003 -5.98961
4.1804 7.88044 5.16028 8.31182
4.1804 7.88044 4.92774 7.30159
4.1804 7.88044 4.51874 7.28847
4.1804 7.88044 4.26212 8.57356
4.20556 12.6993 5.65685 13.7087
4.20556 12.6993 4.72686 11.9825
4.20556 12.6993 4.44244 13.7594
4.26212 8.57356 5.16028 8.31182
4.26212 8.57356 4.38578 8.80727
4.26894 6.68757 4.72647 6.92422
4.26894 6.68757 4.78079 6.26963
4.26894 6.68757 4.51874 7.28847
4.38578 8.80727 4.67702 8.99568
4.38578 8.80727 5.06612 8.86347
4.38578 8.80727 5.16028 8.31182
4.44244 13.7594 5.65774 15.9205
4.44244 13.7594 5.64796 14.6367
4.44244 13.7594 5.65685 13.7087
4.4697 11.3156 4.72686 11.9825
4.4697 11.3156 4.78342 11.6947
4.4697 11.3156 4.87697 11.0263
4.4697 11.3156 4.92559 10.3843
4.51659 1.50882 4.62477 2.0085
4.51659 1.50882 4.96923 1.69088
4.51659 1.50882 4.69016 1.19618
4.51874 7.28847 4.92774 7.30159
4.51874 7.28847 4.72647 6.92422
4.5441 -1.0388 5.52233 -0.982374
4.5441 -1.0388 5.04711 -0.501421
4.56053 -4.63372 6.34821 -3.97088
4.56053 -4.63372 5.82529 -5.51355
4.56053 -4.63372 4.61516 -3.20948
4.57395 3.57876 5.46938 3.25441
4.57395 3.57876 5.32672 2.65421
4.57395 3.57876 5.09843 2.3634
4.57395 3.57876 4.87975 4.09349
4.61516 -3.20948 5.52233 -0.982374
4.61516 -3.20948 5.97486 -1.1903
4.61516 -3.20948 6.34821 -3.97088
4.62477 2.0085 5.09843 2.3634
4.62477 2.0085 4.96923 1.69088
4.65157 4.47053 5.28887 4.50883
4.65157 4.47053 4.90278 4.85509
4.65157 4.47053 4.87975 4.09349
4.67702 8.99568 4.95782 9.36586
4.67702 8.99568 5.06612 8.86347
4.67702 8.99568 4.70089 9.55896
4.69016 1.19618 5.66807 1.36523
4.69016 1.19618 5.70657 0.714175
4.69016 1.19618 5.48176 0.402785
4.69016 1.19618 4.96923 1.69088
4.70089 9.55896 4.9632 9.47322
4.70089 9.55896 4.95782 9.36586
4.70089 9.55896 4.79771 9.83353
4.72647 6.92422 4.92774 7.30159
4.72647 6.92422 5.02115 6.65741
4.72647 6.92422 4.78079 6.26963
4.72686 11.9825 5.65685 13.7087
4.72686 11.9825 6.28798 12.4081
4.72686 11.9825 6.0686 11.7525
4.72686 11.9825 5.36759 11.4388
4.72686 11.9825 4.78342 11.6947
4.78079 6.26963 5.02115 6.65741
4.78079 6.26963 5.05061 6.14372
4.78079 6.26963 5.03632 5.87062
4.78342 11.6947 5.36759 11.4388
4.78342 11.6947 4.87697 11.0263
4.79771 9.83353 5.37385 10.2788
4.79771 9.83353 4.9632 9.47322
4.79771 9.83353 4.92559 10.3843
4.87697 11.0263 5.46486 10.4097
4.87697 11.0263 5.36759 11.4388
4.87697 11.0263 4.92559 10.3843
4.87975 4.09349 5.62018 4.26857
4.87975 4.09349 5.46938 3.25441
4.87975 4.09349 5.28887 4.50883
4.90278 4.85509 5.62974 5.0231
4.90278 4.85509 5.03632 5.87062
4.90278 4.85509 5.28887 4.50883
4.92559 10.3843 5.46486 10.4097
4.92559 10.3843 5.37385 10.2788
4.92774 7.30159 5.41626 8.04178
4.92774 7.30159 5.78198 7.55963
4.92774 7.30159 5.64247 7.02102
4.92774 7.30159 5.16028 8.31182
4.92774 7.30159 5.02115 6.65741
4.95782 9.36586 5.6047 9.426
4.95782 9.36586 5.06612 8.86347
4.95782 9.36586 4.9632 9.47322
4.9632 9.47322 5.37385 10.2788
4.9632 9.47322 5.6047 9.426
4.96923 1.69088 5.81278 2.26098
4.96923 1.69088 5.66807 1.36523
4.96923 1.69088 5.09843 2.3634
5.02115 6.65741 5.64247 7.02102
5.02115 6.65741 5.47125 6.57474
5.02115 6.65741 5.47611 6.50073
5.02115 6.65741 5.05061 6.14372
5.03632 5.87062 5.66304 5.6455
5.03632 5.87062 5.62974 5.0231
5.03632 5.87062 5.05061 6.14372
5.04711 -0.501421 5.48176 0.402785
5.04711 -0.501421 5.68992 -0.520622
5.04711 -0.501421 5.52233 -0.982374
5.05061 6.14372 5.47611 6.50073
5.05061 6.14372 5.66304 5.6455
5.06612 8.86347 5.6047 9.426
5.06612 8.86347 5.95782 8.97228
5.06612 8.86347 5.16028 8.31182
5.09843 2.3634 5.53256 2.62786
5.09843 2.3634 5.81278 2.26098
5.09843 2.3634 5.32672 2.65421
5.12319 23.0466 18.4643 11.2229
5.12319 23.0466 9.81038 17.6413
5.12319 23.0466 6.5832 19.4318
5.16028 8.31182 5.95782 8.97228
5.16028 8.31182 5.41626 8.04178
5.28887 4.50883 5.62974 5.0231
5.28887 4.50883 5.62018 4.26857
5.32672 2.65421 5.46938 3.25441
5.32672 2.65421 5.53256 2.62786
5.36759 11.4388 6.0686 11.7525
5.36759 11.4388 5.91615 11.3337
5.36759 11.4388 5.46486 10.4097
5.37385 10.2788 5.6047 9.426
5.37385 10.2788 5.46486 10.4097
5.41626 8.04178 5.95782 8.97228
5.41626 8.04178 6.15304 8.04694
5.41626 8.04178 5.78198 7.55963
5.46486 10.4097 6.73772 10.7343
5.46486 10.4097 5.95585 9.24657
5.46486 10.4097 5.91615 11.3337
5.46486 10.4097 5.6047 9.426
5.46938 3.25441 6.16629 3.71872
5.46938 3.25441 5.91017 3.20456
5.46938 3.25441 5.62018 4.26857
5.46938 3.25441 5.53256 2.62786
5.47125 6.57474 5.86901 6.75235
5.47125 6.57474 5.64247 7.02102
5.47125 6.57474 5.47611 6.50073
5.47611 6.50073 6.23198 6.56063
5.47611 6.50073 6.23362 5.89631
5.47611 6.50073 5.86901 6.75235
5.47611 6.50073 5.66304 5.6455
5.48176 0.402785 6.01184 0.0899169
5.48176 0.402785 5.70657 0.714175
5.48176 0.402785 5.77431 0.469557
5.48176 0.402785 5.68992 -0.520622
5.52233 -0.982374 5.97486 -1.1903
5.52233 -0.982374 5.68992 -0.520622
5.53256 2.62786 5.91017 3.20456
5.53256 2.62786 5.90524 2.62884
5.53256 2.62786 5.81278 2.26098
5.6047 9.426 5.95585 9.24657
5.6047 9.426 5.95782 8.97228
5.62018 4.26857 6.16629 3.71872
5.62018 4.26857 5.91024 4.24032
5.62018 4.26857 5.62974 5.0231
5.62974 5.0231 6.23362 5.89631
5.62974 5.0231 6.87663 5.11887
5.62974 5.0231 6.46995 4.56157
5.62974 5.0231 5.66304 5.6455
5.62974 5.0231 5.91024 4.24032
5.64247 7.02102 5.78198 7.55963
5.64247 7.02102 5.88467 7.34262
5.64247 7.02102 5.88818 7.17793
5.64247 7.02102 5.86901 6.75235
5.64796 14.6367 6.04259 14.777
5.64796 14.6367 5.94802 14.6793
5.64796 14.6367 5.65774 15.9205
5.64796 14.6367 5.65685 13.7087
5.65685 13.7087 6.95386 14.1574
5.65685 13.7087 6.94868 13.4906
5.65685 13.7087 6.3402 13.0281
5.65685 13.7087 6.28798 12.4081
5.65685 13.7087 5.94802 14.6793
5.65774 15.9205 6.19201 16.1122
5.65774 15.9205 6.04259 14.777
5.66304 5.6455 6.23362 5.89631
5.66807 1.36523 7.09965 1.03314
5.66807 1.36523 6.51203 1.97113
5.66807 1.36523 5.81278 2.26098
5.66807 1.36523 5.70657 0.714175
5.68992 -0.520622 6.01184 0.0899169
5.68992 -0.520622 6.03439 0.0173148
5.68992 -0.520622 6.26867 -0.718555
5.68992 -0.520622 5.97486 -1.1903
5.70657 0.714175 7.09965 1.03314
5.70657 0.714175 5.77431 0.469557
5.77431 0.469557 7.09965 1.03314
5.77431 0.469557 6.01184 0.0899169
5.78198 7.55963 6.15304 8.04694
5.78198 7.55963 6.00886 7.60614
5.78198 7.55963 5.88467 7.34262
5.81278 2.26098 6.11977 2.4005
5.81278 2.26098 6.51203 1.97113
5.81278 2.26098 5.90524 2.62884
5.82529 -5.51355 7.90347 -5.38635
5.82529 -5.51355 6.34821 -3.97088
5.82529 -5.51355 6.80554 -4.3128
5.86901 6.75235 6.23198 6.56063
5.86901 6.75235 5.88818 7.17793
5.88467 7.34262 6.00886 7.60614
5.88467 7.34262 5.88818 7.17793
5.88818 7.17793 7.02457 6.69145
5.88818 7.17793 6.00886 7.60614
5.88818 7.17793 6.23198 6.56063
5.90524 2.62884 6.00608 3.25523
5.90524 2.62884 6.55652 2.69171
5.90524 2.62884 6.11977 2.4005
5.90524 2.62884 5.91017 3.20456
5.91017 3.20456 6.16629 3.71872
5.91017 3.20456 6.00608 3.25523
5.91024 4.24032 6.46995 4.56157
5.91024 4.24032 6.7712 4.0581
5.91024 4.24032 6.16629 3.71872
5.91615 11.3337 6.0686 11.7525
5.91615 11.3337 6.73772 10.7343
5.94802 14.6793 6.95386 14.1574
5.94802 14.6793 6.04259 14.777
5.95585 9.24657 7.30613 8.90348
5.95585 9.24657 6.73772 10.7343
5.95585 9.24657 5.95782 8.97228
5.95782 8.97228 7.30613 8.90348
5.95782 8.97228 6.15304 8.04694
5.97486 -1.1903 7.60636 -0.516302
5.97486 -1.1903 8.24622 -2.13638
5.97486 -1.1903 6.34821 -3.97088
5.97486 -1.1903 6.26867 -0.718555
6.00608 3.25523 6.54698 3.32737
6.00608 3.25523 6.55652 2.69171
6.00608 3.25523 6.16629 3.71872
6.00886 7.60614 7.02457 6.69145
6.00886 7.60614 6.15304 8.04694
6.01184 0.0899169 7.09965 1.03314
6.01184 0.0899169 6.03439 0.0173148
6.03439 0.0173148 7.09965 1.03314
6.03439 0.0173148 7.41575 -0.389743
6.03439 0.0173148 6.26867 -0.718555
6.04259 14.777 8.03832 15.7393
6.04259 14.777 6.95386 14.1574
6.04259 14.777 6.19201 16.1122
6.0686 11.7525 7.23922 11.9495
6.0686 11.7525 6.28798 12.4081
6.0686 11.7525 6.73772 10.7343
6.11977 2.4005 6.55652 2.69171
6.11977 2.4005 6.48757 2.39353
6.11977 2.4005 6.51203 1.97113
6.15304 8.04694 7.30613 8.90348
6.15304 8.04694 7.94562 7.18466
6.15304 8.04694 7.02457 6.69145
6.16629 3.71872 6.7712 4.0581
6.16629 3.71872 6.54698 3.32737
6.19201 16.1122 7.26015 17.0193
6.19201 16.1122 8.03832 15.7393
6.19201 16.1122 6.5832 19.4318
6.23198 6.56063 7.02457 6.69145
6.23198 6.56063 6.86057 6.45876
6.23198 6.56063 6.23362 5.89631
6.23362 5.89631 7.06664 5.32491
6.23362 5.89631 6.98761 5.2169
6.23362 5.89631 6.86057 6.45876
6.23362 5.89631 6.87663 5.11887
6.26867 -0.718555 7.41575 -0.389743
6.26867 -0.718555 7.60636 -0.516302
6.28798 12.4081 7.23922 11.9495
6.28798 12.4081 6.3402 13.0281
6.3402 13.0281 6.94868 13.4906
6.3402 13.0281 7.23922 11.9495
6.34821 -3.97088 8.24622 -2.13638
6.34821 -3.97088 7.04608 -4.0257
6.34821 -3.97088 6.80554 -4.3128
6.46995 4.56157 6.97944 4.80719
6.46995 4.56157 6.87663 5.11887
6.46995 4.56157 6.7712 4.0581
6.48757 2.39353 7.51586 2.76969
6.48757 2.39353 7.45543 1.75933
6.48757 2.39353 6.55652 2.69171
6.48757 2.39353 6.51203 1.97113
6.51203 1.97113 7.45543 1.75933
6.51203 1.97113 7.09965 1.03314
6.54698 3.32737 6.7712 4.0581
6.54698 3.32737 6.87239 3.34855
6.54698 3.32737 6.55652 2.69171
6.55652 2.69171 7.51586 2.76969
6.55652 2.69171 6.87239 3.34855
6.5832 19.4318 9.81038 17.6413
6.5832 19.4318 7.88261 17.6774
6.5832 19.4318 7.26015 17.0193
6.73772 10.7343 7.23922 11.9495
6.73772 10.7343 7.9329 10.1028
6.73772 10.7343 7.30613 8.90348
6.7712 4.0581 6.97944 4.80719
6.7712 4.0581 7.59917 4.041
6.7712 4.0581 6.87239 3.34855
6.80554 -4.3128 7.04608 -4.0257
6.80554 -4.3128 7.84525 -4.20678
6.80554 -4.3128 7.90347 -5.38635
6.86057 6.45876 7.02457 6.69145
6.86057 6.45876 7.42735 6.2245
6.86057 6.45876 7.06664 5.32491
6.87239 3.34855 7.59917 4.041
6.87239 3.34855 7.71634 3.33247
6.87239 3.34855 7.51586 2.76969
6.87663 5.11887 6.98761 5.2169
6.87663 5.11887 6.97944 4.80719
6.94868 13.4906 8.90479 13.2032
6.94868 13.4906 8.65058 12.4568
6.94868 13.4906 7.23922 11.9495
6.94868 13.4906 6.95386 14.1574
6.95386 14.1574 8.90479 13.2032
6.95386 14.1574 8.03832 15.7393
6.97944 4.80719 7.79286 4.1562
6.97944 4.80719 7.59917 4.041
6.97944 4.80719 7.42989 5.24335
6.97944 4.80719 6.98761 5.2169
6.98761 5.2169 7.42989 5.24335
6.98761 5.2169 7.06664 5.32491
7.02457 6.69145 7.94562 7.18466
7.02457 6.69145 7.8549 6.51654
7.02457 6.69145 7.42735 6.2245
7.04608 -4.0257 8.24622 -2.13638
7.04608 -4.0257 7.84525 -4.20678
7.06664 5.32491 7.77656 5.79738
7.06664 5.32491 7.42735 6.2245
7.06664 5.32491 7.42989 5.24335
7.09965 1.03314 8.05443 0.649858
7.09965 1.03314 7.93014 -0.0303007
7.09965 1.03314 7.54147 1.38804
7.09965 1.03314 7.45543 1.75933
7.09965 1.03314 7.41575 -0.389743
7.23922 11.9495 9.07997 10.9198
7.23922 11.9495 8.65058 12.4568
7.23922 11.9495 7.9329 10.1028
7.26015 17.0193 7.88261 17.6774
7.26015 17.0193 8.03832 15.7393
7.30613 8.90348 7.9329 10.1028
7.30613 8.90348 8.01972 9.47814
7.30613 8.90348 7.98177 8.8288
7.30613 8.90348 8.28939 7.84233
7.30613 8.90348 7.94562 7.18466
7.41575 -0.389743 7.93014 -0.0303007
7.41575 -0.389743 7.60636 -0.516302
7.42735 6.2245 7.86825 6.30683
7.42735 6.2245 7.8549 6.51654
7.42735 6.2245 7.77656 5.79738
7.42989 5.24335 7.77656 5.79738
7.42989 5.24335 7.7656 5.22113
7.42989 5.24335 7.79286 4.1562
7.45543 1.75933 7.71885 2.12035
7.45543 1.75933 7.81069 1.82602
7.45543 1.75933 7.67948 1.45493
7.45543 1.75933 7.54147 1.38804
7.45543 1.75933 7.51586 2.76969
7.51586 2.76969 8.44618 2.32136
7.51586 2.76969 7.71634 3.33247
7.51586 2.76969 7.79296 3.11732
7.51586 2.76969 7.71885 2.12035
7.54147 1.38804 8.12562 0.721921
7.54147 1.38804 8.05443 0.649858
7.54147 1.38804 7.67948 1.45493
7.59917 4.041 7.79286 4.1562
7.59917 4.041 7.82531 3.53167
7.59917 4.041 7.71634 3.33247
7.60636 -0.516302 7.93014 -0.0303007
7.60636 -0.516302 8.62134 -0.591787
7.60636 -0.516302 8.24622 -2.13638
7.67948 1.45493 7.94046 1.46488
7.67948 1.45493 8.12562 0.721921
7.67948 1.45493 7.81069 1.82602
7.71634 3.33247 7.82531 3.53167
7.71634 3.33247 7.83978 3.30723
7.71634 3.33247 7.79296 3.11732
7.71885 2.12035 8.44618 2.32136
7.71885 2.12035 7.81069 1.82602
7.7656 5.22113 9.42363 5.30384
7.7656 5.22113 9.41361 5.03766
7.7656 5.22113 8.82271 6.01328
7.7656 5.22113 8.47825 4.32616
7.7656 5.22113 7.79286 4.1562
7.7656 5.22113 7.77656 5.79738
7.77656 5.79738 7.86825 6.30683
7.77656 5.79738 8.82271 6.01328
7.79286 4.1562 8.47825 4.32616
7.79286 4.1562 8.39927 3.98318
7.79286 4.1562 7.82531 3.53167
7.79296 3.11732 8.54022 3.22315
7.79296 3.11732 8.44618 2.32136
7.79296 3.11732 7.83978 3.30723
7.81069 1.82602 8.44618 2.32136
7.81069 1.82602 7.94046 1.46488
7.82531 3.53167 8.39927 3.98318
7.82531 3.53167 8.45889 3.91511
7.82531 3.53167 8.53896 3.71971
7.82531 3.53167 8.54022 3.22315
7.82531 3.53167 7.83978 3.30723
7.83978 3.30723 8.54022 3.22315
7.84525 -4.20678 10.4689 -3.71413
7.84525 -4.20678 8.24622 -2.13638
7.84525 -4.20678 8.67748 -2.06534
7.84525 -4.20678 7.98352 -5.40937
7.84525 -4.20678 7.90347 -5.38635
7.8549 6.51654 7.94562 7.18466
7.8549 6.51654 8.15493 7.38468
7.8549 6.51654 8.82271 6.01328
7.8549 6.51654 7.86825 6.30683
7.86825 6.30683 8.82271 6.01328
7.88261 17.6774 9.81038 17.6413
7.88261 17.6774 8.03832 15.7393
7.90347 -5.38635 7.98352 -5.40937
7.93014 -0.0303007 8.60172 0.487943
7.93014 -0.0303007 8.62134 -0.591787
7.93014 -0.0303007 8.05443 0.649858
7.9329 10.1028 9.07997 10.9198
7.9329 10.1028 8.85942 10.303
7.9329 10.1028 8.01972 9.47814
7.94046 1.46488 9.12826 1.49989
7.94046 1.46488 8.44618 2.32136
7.94046 1.46488 8.12562 0.721921
7.94562 7.18466 8.28939 7.84233
7.94562 7.18466 8.15493 7.38468
7.98177 8.8288 9.17313 8.68006
7.98177 8.8288 8.01972 9.47814
7.98177 8.8288 8.28939 7.84233
7.98352 -5.40937 10.4689 -3.71413
7.98352 -5.40937 13.003 -5.98961
8.01972 9.47814 9.24092 9.76683
8.01972 9.47814 9.17313 8.68006
8.01972 9.47814 8.85942 10.303
8.03832 15.7393 9.81038 17.6413
8.03832 15.7393 9.70527 14.3843
8.03832 15.7393 8.90479 13.2032
8.05443 0.649858 8.60172 0.487943
8.05443 0.649858 8.12562 0.721921
8.12562 0.721921 9.12826 1.49989
8.12562 0.721921 8.60172 0.487943
8.15493 7.38468 8.9543 7.81295
8.15493 7.38468 9.43556 7.54769
8.15493 7.38468 9.4402 6.40326
8.15493 7.38468 8.82271 6.01328
8.15493 7.38468 8.28939 7.84233
8.24622 -2.13638 8.96594 -1.54103
8.24622 -2.13638 8.62134 -0.591787
8.24622 -2.13638 8.67748 -2.06534
8.28939 7.84233 9.17313 8.68006
8.28939 7.84233 8.9543 7.81295
8.39927 3.98318 8.61027 4.29924
8.39927 3.98318 8.47825 4.32616
8.39927 3.98318 8.45889 3.91511
8.44618 2.32136 9.21926 2.27468
8.44618 2.32136 9.12826 1.49989
8.44618 2.32136 8.54022 3.22315
8.45889 3.91511 8.9052 3.98951
8.45889 3.91511 8.61027 4.29924
8.45889 3.91511 8.53896 3.71971
8.47825 4.32616 9.41361 5.03766
8.47825 4.32616 8.61027 4.29924
8.53896 3.71971 8.9052 3.98951
8.53896 3.71971 8.64837 3.66483
8.53896 3.71971 8.54022 3.22315
8.54022 3.22315 9.02044 3.52915
8.54022 3.22315 9.40326 3.05462
8.54022 3.22315 9.21926 2.27468
8.54022 3.22315 8.64837 3.66483
8.54022 3.22315 8.72602 3.57929
8.60172 0.487943 9.12826 1.49989
8.60172 0.487943 9.61392 1.37367
8.60172 0.487943 9.59561 -0.141587
8.60172 0.487943 8.62134 -0.591787
8.61027 4.29924 9.41361 5.03766
8.61027 4.29924 8.9052 3.98951
8.62134 -0.591787 9.59561 -0.141587
8.62134 -0.591787 8.96594 -1.54103
8.64837 3.66483 8.9052 3.98951
8.64837 3.66483 8.72602 3.57929
8.65058 12.4568 8.90479 13.2032
8.65058 12.4568 10.7858 11.8104
8.65058 12.4568 9.07997 10.9198
8.67748 -2.06534 8.96594 -1.54103
8.67748 -2.06534 10.4689 -3.71413
8.72602 3.57929 8.9052 3.98951
8.72602 3.57929 9.02044 3.52915
8.82271 6.01328 9.4402 6.40326
8.82271 6.01328 9.58658 6.05594
8.82271 6.01328 9.36643 5.60198
8.82271 6.01328 9.42363 5.30384
8.85942 10.303 9.07997 10.9198
8.85942 10.303 9.54648 10.3963
8.85942 10.303 9.24092 9.76683
8.90479 13.2032 11.1844 13.214
8.90479 13.2032 10.7858 11.8104
8.90479 13.2032 9.70527 14.3843
8.9052 3.98951 9.7315 4.48004
8.9052 3.98951 9.66234 4.13001
8.9052 3.98951 9.41361 5.03766
8.9052 3.98951 9.02044 3.52915
8.9543 7.81295 9.88316 7.98581
8.9543 7.81295 9.43556 7.54769
8.9543 7.81295 9.17313 8.68006
8.96594 -1.54103 11.4486 -0.667712
8.96594 -1.54103 10.4689 -3.71413
8.96594 -1.54103 9.59561 -0.141587
8.96594 -1.54103 9.83496 -0.178794
9.02044 3.52915 9.66234 4.13001
9.02044 3.52915 9.40326 3.05462
9.07997 10.9198 10.7858 11.8104
9.07997 10.9198 10.3937 11.0388
9.07997 10.9198 10.2995 10.7416
9.07997 10.9198 9.54648 10.3963
9.12826 1.49989 9.61392 1.37367
9.12826 1.49989 9.21926 2.27468
9.17313 8.68006 9.95181 8.65036
9.17313 8.68006 9.63019 8.8534
9.17313 8.68006 9.88316 7.98581
9.17313 8.68006 9.24092 9.76683
9.21926 2.27468 10.1366 2.55545
9.21926 2.27468 9.61392 1.37367
9.21926 2.27468 9.40326 3.05462
9.24092 9.76683 9.54648 10.3963
9.24092 9.76683 9.75614 9.94405
9.24092 9.76683 9.88742 9.27808
9.24092 9.76683 9.63019 8.8534
9.36643 5.60198 9.58658 6.05594
9.36643 5.60198 9.89453 5.53978
9.36643 5.60198 9.42363 5.30384
9.40326 3.05462 10.2394 3.47956
9.40326 3.05462 10.3706 2.75219
9.40326 3.05462 10.1366 2.55545
9.40326 3.05462 9.66234 4.13001
9.41361 5.03766 10.043 5.44174
9.41361 5.03766 10.367 4.73093
9.41361 5.03766 9.7315 4.48004
9.41361 5.03766 9.42363 5.30384
9.42363 5.30384 10.043 5.44174
9.42363 5.30384 9.89453 5.53978
9.43556 7.54769 10.1195 7.603
9.43556 7.54769 9.88316 7.98581
9.43556 7.54769 9.83816 6.38392
9.43556 7.54769 9.4402 6.40326
9.4402 6.40326 9.83816 6.38392
9.4402 6.40326 9.67515 6.35489
9.4402 6.40326 9.58658 6.05594
9.54648 10.3963 10.2995 10.7416
9.54648 10.3963 10.4035 10.4139
9.54648 10.3963 9.75614 9.94405
9.58658 6.05594 9.83816 6.38392
9.58658 6.05594 9.89453 5.53978
9.58658 6.05594 9.67515 6.35489
9.59561 -0.141587 9.83496 -0.178794
9.59561 -0.141587 9.61392 1.37367
9.61392 1.37367 10.1366 2.55545
9.61392 1.37367 10.15 1.4317
9.61392 1.37367 10.5426 0.177169
9.61392 1.37367 9.83496 -0.178794
9.63019 8.8534 9.95181 8.65036
9.63019 8.8534 9.88742 9.27808
9.66234 4.13001 10.3953 4.62881
9.66234 4.13001 10.2394 3.47956
9.66234 4.13001 9.7315 4.48004
9.67515 6.35489 9.83816 6.38392
9.70527 14.3843 11.3142 14.2505
9.70527 14.3843 11.1844 13.214
9.70527 14.3843 9.81038 17.6413
9.7315 4.48004 10.367 4.73093
9.7315 4.48004 10.3953 4.62881
9.75614 9.94405 10.4035 10.4139
9.75614 9.94405 9.97157 9.7543
9.75614 9.94405 9.88742 9.27808
9.81038 17.6413 18.4643 11.2229
9.81038 17.6413 14.6427 13.6091
9.81038 17.6413 13.2006 14.1682
9.81038 17.6413 11.3142 14.2505
9.83496 -0.178794 11.4486 -0.667712
9.83496 -0.178794 10.5426 0.177169
9.83816 6.38392 10.1195 7.603
9.83816 6.38392 10.3804 7.36033
9.83816 6.38392 10.5047 7.22314
9.83816 6.38392 10.6766 7.06735
9.83816 6.38392 10.8455 6.48039
9.83816 6.38392 10.5596 5.80224
9.83816 6.38392 9.89453 5.53978
9.88316 7.98581 9.95181 8.65036
9.88316 7.98581 10.2523 7.66358
9.88316 7.98581 10.1195 7.603
9.88742 9.27808 11.1613 9.4578
9.88742 9.27808 9.97157 9.7543
9.88742 9.27808 9.95181 8.65036
9.89453 5.53978 10.5596 5.80224
9.89453 5.53978 10.2584 5.50441
9.89453 5.53978 10.043 5.44174
9.95181 8.65036 11.1613 9.4578
9.95181 8.65036 11.2505 8.59293
9.95181 8.65036 10.2523 7.66358
9.97157 9.7543 11.1613 9.4578
9.97157 9.7543 10.4035 10.4139
10.043 5.44174 10.2584 5.50441
10.043 5.44174 10.367 4.73093
10.1195 7.603 10.3804 7.36033
10.1195 7.603 10.2523 7.66358
10.1366 2.55545 10.5571 2.71572
10.1366 2.55545 10.4691 1.82978
10.1366 2.55545 10.3706 2.75219
10.1366 2.55545 10.15 1.4317
10.15 1.4317 10.4691 1.82978
10.15 1.4317 10.5534 1.29742
10.15 1.4317 10.5426 0.177169
10.2394 3.47956 11.0254 4.467
10.2394 3.47956 10.5008 4.59332
10.2394 3.47956 10.9023 3.35289
10.2394 3.47956 10.7525 3.27787
10.2394 3.47956 10.3953 4.62881
10.2394 3.47956 10.3706 2.75219
10.2523 7.66358 11.2505 8.59293
10.2523 7.66358 10.5047 7.22314
10.2523 7.66358 10.3804 7.36033
10.2584 5.50441 10.5596 5.80224
10.2584 5.50441 10.7454 5.08489
10.2584 5.50441 10.367 4.73093
10.2995 10.7416 10.4711 11.1093
10.2995 10.7416 10.3937 11.0388
10.2995 10.7416 10.4035 10.4139
10.367 4.73093 10.7454 5.08489
10.367 4.73093 10.5008 4.59332
10.367 4.73093 10.3953 4.62881
10.3706 2.75219 10.7525 3.27787
10.3706 2.75219 10.5571 2.71572
10.3804 7.36033 10.5047 7.22314
10.3937 11.0388 10.7858 11.8104
10.3937 11.0388 10.4711 11.1093
10.3953 4.62881 10.5008 4.59332
10.4035 10.4139 12.1731 11.7639
10.4035 10.4139 11.3339 9.40295
10.4035 10.4139 11.1613 9.4578
10.4035 10.4139 10.4711 11.1093
10.4689 -3.71413 11.4486 -0.667712
10.4689 -3.71413 11.9827 -1.02596
10.4689 -3.71413 13.8581 -3.81026
10.4689 -3.71413 13.003 -5.98961
10.4691 1.82978 11.1672 2.0027
10.4691 1.82978 10.5571 2.71572
10.4691 1.82978 10.5534 1.29742
10.4711 11.1093 12.1731 11.7639
10.4711 11.1093 10.7858 11.8104
10.5008 4.59332 11.0254 4.467
10.5008 4.59332 10.7454 5.08489
10.5047 7.22314 11.2505 8.59293
10.5047 7.22314 11.5346 7.06639
10.5047 7.22314 10.6766 7.06735
10.5426 0.177169 12.3335 0.891638
10.5426 0.177169 11.4486 -0.667712
10.5426 0.177169 10.5534 1.29742
10.5534 1.29742 11.1672 2.0027
10.5534 1.29742 12.3335 0.891638
10.5571 2.71572 11.4532 3.224
10.5571 2.71572 11.745 2.90378
10.5571 2.71572 11.1672 2.0027
10.5571 2.71572 10.7525 3.27787
10.5571 2.71572 10.9023 3.35289
10.5596 5.80224 11.5562 5.46081
10.5596 5.80224 10.8455 6.48039
10.5596 5.80224 10.7454 5.08489
10.6766 7.06735 11.5346 7.06639
10.6766 7.06735 10.8455 6.48039
10.7454 5.08489 11.5562 5.46081
10.7454 5.08489 11.716 5.05871
10.7454 5.08489 11.0254 4.467
10.7525 3.27787 10.9023 3.35289
10.7858 11.8104 11.1844 13.214
10.7858 11.8104 11.323 12.5045
10.7858 11.8104 12.1731 11.7639
10.8455 6.48039 11.5346 7.06639
10.8455 6.48039 11.8553 6.06432
10.8455 6.48039 11.5562 5.46081
10.9023 3.35289 11.0254 4.467
10.9023 3.35289 11.1128 3.46782
10.9023 3.35289 11.4532 3.224
11.0254 4.467 11.8687 4.50521
11.0254 4.467 11.716 5.05871
11.0254 4.467 11.1128 3.46782
11.1128 3.46782 11.8687 4.50521
11.1128 3.46782 11.4532 3.224
11.1613 9.4578 11.3339 9.40295
11.1613 9.4578 11.2505 8.59293
11.1672 2.0027 11.745 2.90378
11.1672 2.0027 12.2488 2.47005
11.1672 2.0027 12.3335 0.891638
11.1844 13.214 13.2006 14.1682
11.1844 13.214 11.3142 14.2505
11.1844 13.214 11.323 12.5045
11.2505 8.59293 11.7297 9.17297
11.2505 8.59293 11.7776 8.28496
11.2505 8.59293 11.3339 9.40295
11.2505 8.59293 11.5178 9.32052
11.2505 8.59293 11.5346 7.06639
11.3142 14.2505 13.2006 14.1682
11.323 12.5045 13.2006 14.1682
11.323 12.5045 12.1731 11.7639
11.3339 9.40295 12.1731 11.7639
11.3339 9.40295 11.5178 9.32052
11.4486 -0.667712 12.3335 0.891638
11.4486 -0.667712 12.0317 -0.798529
11.4486 -0.667712 11.9827 -1.02596
11.4532 3.224 11.8687 4.50521
11.4532 3.224 11.8336 3.1832
11.4532 3.224 11.745 2.90378
11.5178 9.32052 13.2977 10.7433
11.5178 9.32052 13.2713 9.98586
11.5178 9.32052 12.1731 11.7639
11.5178 9.32052 11.7297 9.17297
11.5346 7.06639 12.5341 7.67469
11.5346 7.06639 11.7776 8.28496
11.5346 7.06639 12.1488 8.15346
11.5346 7.06639 11.8553 6.06432
11.5562 5.46081 11.8553 6.06432
11.5562 5.46081 11.6877 5.52152
11.5562 5.46081 11.716 5.05871
11.6877 5.52152 13.0374 5.93641
11.6877 5.52152 13.0816 5.10602
11.6877 5.52152 11.8553 6.06432
11.6877 5.52152 11.716 5.05871
11.716 5.05871 13.0816 5.10602
11.716 5.05871 13.0913 5.04037
11.716 5.05871 11.8687 4.50521
11.7297 9.17297 13.2713 9.98586
11.7297 9.17297 12.1488 8.15346
11.7297 9.17297 11.7776 8.28496
11.745 2.90378 12.2654 2.78895
11.745 2.90378 12.2488 2.47005
11.745 2.90378 12.0235 2.9772
11.745 2.90378 11.8336 3.1832
11.7776 8.28496 12.1488 8.15346
11.8336 3.1832 12.8501 3.05046
11.8336 3.1832 11.8687 4.50521
11.8336 3.1832 12.0235 2.9772
11.8553 6.06432 12.5341 7.67469
11.8553 6.06432 13.0374 5.93641
11.8687 4.50521 13.0913 5.04037
11.8687 4.50521 12.8501 3.05046
11.9827 -1.02596 13.0836 -0.411023
11.9827 -1.02596 13.5187 -1.32613
11.9827 -1.02596 13.8581 -3.81026
11.9827 -1.02596 12.0317 -0.798529
12.0235 2.9772 12.8501 3.05046
12.0235 2.9772 12.2654 2.78895
12.0317 -0.798529 13.0836 -0.411023
12.0317 -0.798529 12.3335 0.891638
12.1488 8.15346 13.2713 9.98586
12.1488 8.15346 13.9645 9.07514
12.1488 8.15346 13.3106 7.84128
12.1488 8.15346 12.5341 7.67469
12.1731 11.7639 13.2006 14.1682
12.1731 11.7639 14.6427 13.6091
12.1731 11.7639 13.2977 10.7433
12.2488 2.47005 12.2654 2.78895
12.2488 2.47005 12.4991 2.35491
12.2488 2.47005 12.3335 0.891638
12.2654 2.78895 12.8501 3.05046
12.2654 2.78895 12.4991 2.35491
12.3335 0.891638 12.7309 1.01234
12.3335 0.891638 13.0836 -0.411023
12.3335 0.891638 12.4991 2.35491
12.4991 2.35491 12.8501 3.05046
12.4991 2.35491 12.7309 1.01234
12.5341 7.67469 13.3106 7.84128
12.5341 7.67469 13.0374 5.93641
12.7309 1.01234 14.9485 3.51479
12.7309 1.01234 15.9661 1.51233
12.7309 1.01234 14.9145 -0.867972
12.7309 1.01234 13.0836 -0.411023
12.7309 1.01234 12.8501 3.05046
12.8501 3.05046 14.9485 3.51479
12.8501 3.05046 13.0913 5.04037
13.003 -5.98961 16.5384 -3.69717
13.003 -5.98961 17.5053 -3.74186
13.003 -5.98961 13.8581 -3.81026
13.0374 5.93641 13.3106 7.84128
13.0374 5.93641 14.1534 6.95353
13.0374 5.93641 13.0816 5.10602
13.0816 5.10602 14.1534 6.95353
13.0816 5.10602 13.0913 5.04037
13.0836 -0.411023 14.9145 -0.867972
13.0836 -0.411023 13.5187 -1.32613
13.0913 5.04037 15.5363 6.93679
13.0913 5.04037 14.9485 3.51479
13.0913 5.04037 14.1534 6.95353
13.2006 14.1682 14.6427 13.6091
13.2713 9.98586 13.9645 9.07514
13.2713 9.98586 13.2977 10.7433
13.2977 10.7433 14.6427 13.6091
13.2977 10.7433 17.0962 10.6405
13.2977 10.7433 13.9645 9.07514
13.3106 7.84128 13.9645 9.07514
13.3106 7.84128 14.1534 6.95353
13.5187 -1.32613 14.9145 -0.867972
13.5187 -1.32613 13.8581 -3.81026
13.8581 -3.81026 14.9145 -0.867972
13.8581 -3.81026 16.5384 -3.69717
13.9645 9.07514 17.0962 10.6405
13.9645 9.07514 15.5723 7.20302
13.9645 9.07514 14.1534 6.95353
14.1534 6.95353 15.5723 7.20302
14.1534 6.95353 15.5363 6.93679
14.6427 13.6091 18.4643 11.2229
14.6427 13.6091 17.0962 10.6405
14.9145 -0.867972 17.5053 -3.74186
14.9145 -0.867972 15.9661 1.51233
14.9145 -0.867972 16.5384 -3.69717
14.9485 3.51479 17.5935 4.93996
14.9485 3.51479 17.6485 4.02144
14.9485 3.51479 15.9661 1.51233
14.9485 3.51479 15.5363 6.93679
15.5363 6.93679 17.5935 4.93996
15.5363 6.93679 15.5723 7.20302
15.5723 7.20302 19.8529 7.81595
15.5723 7.20302 17.5935 4.93996
15.5723 7.20302 17.0962 10.6405
15.9661 1.51233 17.6485 4.02144
15.9661 1.51233 18.2517 3.48706
15.9661 1.51233 18.3215 3.4184
15.9661 1.51233 17.5053 -3.74186
16.5384 -3.69717 17.5053 -3.74186
17.0962 10.6405 18.4643 11.2229
17.0962 10.6405 19.8529 7.81595
17.5053 -3.74186 18.3215 3.4184
17.5053 -3.74186 19.8529 7.81595
17.5935 4.93996 19.8529 7.81595
17.5935 4.93996 18.3215 3.4184
17.5935 4.93996 18.2517 3.48706
17.5935 4.93996 17.6485 4.02144
17.6485 4.02144 18.2517 3.48706
18.2517 3.48706 18.3215 3.4184
18.3215 3.4184 19.8529 7.81595
18.4643 11.2229 19.8529 7.81595
